4, 3, (0, 0, 0), (0, 0, 0, 3); 0 // 1
4, 3, (0, 0, 0), (1, 0, 1, 2); 0 // 1
4, 3, (0, 0, 0), (0, 2, 0, 2); 0 // 1
4, 3, (0, 0, 0), (2, 1, 0, 2); 0 // 1
4, 3, (0, 0, 0), (4, 0, 0, 2); 0 // 1
4, 3, (0, 0, 0), (0, 1, 2, 1); 0 // 1
4, 3, (0, 0, 0), (2, 0, 2, 1); 0 // 1
4, 3, (0, 0, 0), (1, 2, 1, 1); 0 // 1
4, 3, (0, 0, 0), (3, 1, 1, 1); 0 // 1
4, 3, (0, 0, 0), (5, 0, 1, 1); 0 // 1
4, 3, (0, 0, 0), (0, 4, 0, 1); 0 // 1
4, 3, (0, 0, 0), (2, 3, 0, 1); 0 // 1
4, 3, (0, 0, 0), (4, 2, 0, 1); 0 // 1
4, 3, (0, 0, 0), (6, 1, 0, 1); 0 // 1
4, 3, (0, 0, 0), (8, 0, 0, 1); 0 // 1
4, 3, (0, 0, 0), (0, 0, 4, 0); 0 // 1
4, 3, (0, 0, 0), (1, 1, 3, 0); 0 // 1
4, 3, (0, 0, 0), (3, 0, 3, 0); 0 // 1
4, 3, (0, 0, 0), (0, 3, 2, 0); 0 // 1
4, 3, (0, 0, 0), (2, 2, 2, 0); 0 // 1
4, 3, (0, 0, 0), (4, 1, 2, 0); 0 // 1
4, 3, (0, 0, 0), (6, 0, 2, 0); 0 // 1
4, 3, (0, 0, 0), (1, 4, 1, 0); 0 // 1
4, 3, (0, 0, 0), (3, 3, 1, 0); 0 // 1
4, 3, (0, 0, 0), (5, 2, 1, 0); 0 // 1
4, 3, (0, 0, 0), (7, 1, 1, 0); 0 // 1
4, 3, (0, 0, 0), (9, 0, 1, 0); 0 // 1
4, 3, (0, 0, 0), (0, 6, 0, 0); 0 // 1
4, 3, (0, 0, 0), (2, 5, 0, 0); 0 // 1
4, 3, (0, 0, 0), (4, 4, 0, 0); 0 // 1
4, 3, (0, 0, 0), (6, 3, 0, 0); 0 // 1
4, 3, (0, 0, 0), (8, 2, 0, 0); 0 // 1
4, 3, (0, 0, 0), (10, 1, 0, 0); 0 // 1
4, 3, (0, 0, 0), (12, 0, 0, 0); 0 // 1
4, 3, (1, 0, 0), (0, 0, 1, 2); 0 // 1
4, 3, (1, 0, 0), (1, 1, 0, 2); 0 // 1
4, 3, (1, 0, 0), (3, 0, 0, 2); 0 // 1
4, 3, (1, 0, 0), (1, 0, 2, 1); 0 // 1
4, 3, (1, 0, 0), (0, 2, 1, 1); 0 // 1
4, 3, (1, 0, 0), (2, 1, 1, 1); 0 // 1
4, 3, (1, 0, 0), (4, 0, 1, 1); 0 // 1
4, 3, (1, 0, 0), (1, 3, 0, 1); 0 // 1
4, 3, (1, 0, 0), (3, 2, 0, 1); 0 // 1
4, 3, (1, 0, 0), (5, 1, 0, 1); 0 // 1
4, 3, (1, 0, 0), (7, 0, 0, 1); 0 // 1
4, 3, (1, 0, 0), (0, 1, 3, 0); 0 // 1
4, 3, (1, 0, 0), (2, 0, 3, 0); 0 // 1
4, 3, (1, 0, 0), (1, 2, 2, 0); 0 // 1
4, 3, (1, 0, 0), (3, 1, 2, 0); 0 // 1
4, 3, (1, 0, 0), (5, 0, 2, 0); 0 // 1
4, 3, (1, 0, 0), (0, 4, 1, 0); 0 // 1
4, 3, (1, 0, 0), (2, 3, 1, 0); 0 // 1
4, 3, (1, 0, 0), (4, 2, 1, 0); 0 // 1
4, 3, (1, 0, 0), (6, 1, 1, 0); 0 // 1
4, 3, (1, 0, 0), (8, 0, 1, 0); 0 // 1
4, 3, (1, 0, 0), (1, 5, 0, 0); 0 // 1
4, 3, (1, 0, 0), (3, 4, 0, 0); 0 // 1
4, 3, (1, 0, 0), (5, 3, 0, 0); 0 // 1
4, 3, (1, 0, 0), (7, 2, 0, 0); 0 // 1
4, 3, (1, 0, 0), (9, 1, 0, 0); 0 // 1
4, 3, (1, 0, 0), (11, 0, 0, 0); 0 // 1
4, 3, (2, 0, 0), (0, 1, 0, 2); 0 // 1
4, 3, (2, 0, 0), (2, 0, 0, 2); 0 // 1
4, 3, (2, 0, 0), (0, 0, 2, 1); 0 // 1
4, 3, (2, 0, 0), (1, 1, 1, 1); 0 // 1
4, 3, (2, 0, 0), (3, 0, 1, 1); 0 // 1
4, 3, (2, 0, 0), (0, 3, 0, 1); 0 // 1
4, 3, (2, 0, 0), (2, 2, 0, 1); 0 // 1
4, 3, (2, 0, 0), (4, 1, 0, 1); 0 // 1
4, 3, (2, 0, 0), (6, 0, 0, 1); 0 // 1
4, 3, (2, 0, 0), (1, 0, 3, 0); 0 // 1
4, 3, (2, 0, 0), (0, 2, 2, 0); 0 // 1
4, 3, (2, 0, 0), (2, 1, 2, 0); 0 // 1
4, 3, (2, 0, 0), (4, 0, 2, 0); 0 // 1
4, 3, (2, 0, 0), (1, 3, 1, 0); 0 // 1
4, 3, (2, 0, 0), (3, 2, 1, 0); 0 // 1
4, 3, (2, 0, 0), (5, 1, 1, 0); 0 // 1
4, 3, (2, 0, 0), (7, 0, 1, 0); 0 // 1
4, 3, (2, 0, 0), (0, 5, 0, 0); 0 // 1
4, 3, (2, 0, 0), (2, 4, 0, 0); 0 // 1
4, 3, (2, 0, 0), (4, 3, 0, 0); 0 // 1
4, 3, (2, 0, 0), (6, 2, 0, 0); 0 // 1
4, 3, (2, 0, 0), (8, 1, 0, 0); 0 // 1
4, 3, (2, 0, 0), (10, 0, 0, 0); 0 // 1
4, 3, (1, 1, 0), (0, 1, 0, 2); 0 // 1
4, 3, (1, 1, 0), (2, 0, 0, 2); 0 // 1
4, 3, (1, 1, 0), (0, 0, 2, 1); 0 // 1
4, 3, (1, 1, 0), (1, 1, 1, 1); 0 // 1
4, 3, (1, 1, 0), (3, 0, 1, 1); 0 // 1
4, 3, (1, 1, 0), (0, 3, 0, 1); 0 // 1
4, 3, (1, 1, 0), (2, 2, 0, 1); 0 // 1
4, 3, (1, 1, 0), (4, 1, 0, 1); 0 // 1
4, 3, (1, 1, 0), (6, 0, 0, 1); 0 // 1
4, 3, (1, 1, 0), (1, 0, 3, 0); 0 // 1
4, 3, (1, 1, 0), (0, 2, 2, 0); 0 // 1
4, 3, (1, 1, 0), (2, 1, 2, 0); 0 // 1
4, 3, (1, 1, 0), (4, 0, 2, 0); 0 // 1
4, 3, (1, 1, 0), (1, 3, 1, 0); 0 // 1
4, 3, (1, 1, 0), (3, 2, 1, 0); 0 // 1
4, 3, (1, 1, 0), (5, 1, 1, 0); 0 // 1
4, 3, (1, 1, 0), (7, 0, 1, 0); 0 // 1
4, 3, (1, 1, 0), (0, 5, 0, 0); 0 // 1
4, 3, (1, 1, 0), (2, 4, 0, 0); 0 // 1
4, 3, (1, 1, 0), (4, 3, 0, 0); 0 // 1
4, 3, (1, 1, 0), (6, 2, 0, 0); 0 // 1
4, 3, (1, 1, 0), (8, 1, 0, 0); 0 // 1
4, 3, (1, 1, 0), (10, 0, 0, 0); 0 // 1
4, 3, (3, 0, 0), (1, 0, 0, 2); 0 // 1
4, 3, (3, 0, 0), (0, 1, 1, 1); 1 // 14515200
4, 3, (3, 0, 0), (2, 0, 1, 1); 1 // 7257600
4, 3, (3, 0, 0), (1, 2, 0, 1); 1 // 3628800
4, 3, (3, 0, 0), (3, 1, 0, 1); 1 // 1814400
4, 3, (3, 0, 0), (5, 0, 0, 1); 1 // 907200
4, 3, (3, 0, 0), (0, 0, 3, 0); 1 // 7257600
4, 3, (3, 0, 0), (1, 1, 2, 0); 1 // 1814400
4, 3, (3, 0, 0), (3, 0, 2, 0); 1 // 907200
4, 3, (3, 0, 0), (0, 3, 1, 0); 1 // 1036800
4, 3, (3, 0, 0), (2, 2, 1, 0); 1 // 518400
4, 3, (3, 0, 0), (4, 1, 1, 0); 1 // 259200
4, 3, (3, 0, 0), (6, 0, 1, 0); 1 // 129600
4, 3, (3, 0, 0), (1, 4, 0, 0); 1 // 302400
4, 3, (3, 0, 0), (3, 3, 0, 0); 1 // 151200
4, 3, (3, 0, 0), (5, 2, 0, 0); 1 // 75600
4, 3, (3, 0, 0), (7, 1, 0, 0); 1 // 37800
4, 3, (3, 0, 0), (9, 0, 0, 0); 1 // 18900
4, 3, (2, 1, 0), (1, 0, 0, 2); 0 // 1
4, 3, (2, 1, 0), (0, 1, 1, 1); 1 // 1814400
4, 3, (2, 1, 0), (2, 0, 1, 1); 1 // 907200
4, 3, (2, 1, 0), (1, 2, 0, 1); 1 // 453600
4, 3, (2, 1, 0), (3, 1, 0, 1); 1 // 226800
4, 3, (2, 1, 0), (5, 0, 0, 1); 1 // 113400
4, 3, (2, 1, 0), (0, 0, 3, 0); 1 // 907200
4, 3, (2, 1, 0), (1, 1, 2, 0); 1 // 226800
4, 3, (2, 1, 0), (3, 0, 2, 0); 1 // 113400
4, 3, (2, 1, 0), (0, 3, 1, 0); 1 // 129600
4, 3, (2, 1, 0), (2, 2, 1, 0); 1 // 64800
4, 3, (2, 1, 0), (4, 1, 1, 0); 1 // 32400
4, 3, (2, 1, 0), (6, 0, 1, 0); 1 // 16200
4, 3, (2, 1, 0), (1, 4, 0, 0); 1 // 37800
4, 3, (2, 1, 0), (3, 3, 0, 0); 1 // 18900
4, 3, (2, 1, 0), (5, 2, 0, 0); 1 // 9450
4, 3, (2, 1, 0), (7, 1, 0, 0); 1 // 4725
4, 3, (2, 1, 0), (9, 0, 0, 0); 2 // 4725
4, 3, (1, 1, 1), (1, 0, 0, 2); 0 // 1
4, 3, (1, 1, 1), (0, 1, 1, 1); 1 // 259200
4, 3, (1, 1, 1), (2, 0, 1, 1); 1 // 129600
4, 3, (1, 1, 1), (1, 2, 0, 1); 1 // 64800
4, 3, (1, 1, 1), (3, 1, 0, 1); 1 // 32400
4, 3, (1, 1, 1), (5, 0, 0, 1); 1 // 16200
4, 3, (1, 1, 1), (0, 0, 3, 0); 1 // 129600
4, 3, (1, 1, 1), (1, 1, 2, 0); 1 // 32400
4, 3, (1, 1, 1), (3, 0, 2, 0); 1 // 16200
4, 3, (1, 1, 1), (0, 3, 1, 0); 7 // 129600
4, 3, (1, 1, 1), (2, 2, 1, 0); 7 // 64800
4, 3, (1, 1, 1), (4, 1, 1, 0); 7 // 32400
4, 3, (1, 1, 1), (6, 0, 1, 0); 7 // 16200
4, 3, (1, 1, 1), (1, 4, 0, 0); 1 // 5400
4, 3, (1, 1, 1), (3, 3, 0, 0); 1 // 2700
4, 3, (1, 1, 1), (5, 2, 0, 0); 1 // 1350
4, 3, (1, 1, 1), (7, 1, 0, 0); 1 // 675
4, 3, (1, 1, 1), (9, 0, 0, 0); 2 // 675
4, 3, (4, 0, 0), (0, 0, 0, 2); 0 // 1
4, 3, (4, 0, 0), (1, 0, 1, 1); 1 // 3628800
4, 3, (4, 0, 0), (0, 2, 0, 1); 1 // 1814400
4, 3, (4, 0, 0), (2, 1, 0, 1); 1 // 907200
4, 3, (4, 0, 0), (4, 0, 0, 1); 1 // 453600
4, 3, (4, 0, 0), (0, 1, 2, 0); 1 // 907200
4, 3, (4, 0, 0), (2, 0, 2, 0); 1 // 453600
4, 3, (4, 0, 0), (1, 2, 1, 0); 1 // 259200
4, 3, (4, 0, 0), (3, 1, 1, 0); 1 // 129600
4, 3, (4, 0, 0), (5, 0, 1, 0); 1 // 64800
4, 3, (4, 0, 0), (0, 4, 0, 0); 1 // 151200
4, 3, (4, 0, 0), (2, 3, 0, 0); 1 // 75600
4, 3, (4, 0, 0), (4, 2, 0, 0); 1 // 37800
4, 3, (4, 0, 0), (6, 1, 0, 0); 1 // 18900
4, 3, (4, 0, 0), (8, 0, 0, 0); 1 // 9450
4, 3, (3, 1, 0), (0, 0, 0, 2); 0 // 1
4, 3, (3, 1, 0), (1, 0, 1, 1); 1 // 453600
4, 3, (3, 1, 0), (0, 2, 0, 1); 1 // 226800
4, 3, (3, 1, 0), (2, 1, 0, 1); 1 // 113400
4, 3, (3, 1, 0), (4, 0, 0, 1); 1 // 56700
4, 3, (3, 1, 0), (0, 1, 2, 0); 1 // 113400
4, 3, (3, 1, 0), (2, 0, 2, 0); 1 // 56700
4, 3, (3, 1, 0), (1, 2, 1, 0); 1 // 32400
4, 3, (3, 1, 0), (3, 1, 1, 0); 1 // 16200
4, 3, (3, 1, 0), (5, 0, 1, 0); 1 // 8100
4, 3, (3, 1, 0), (0, 4, 0, 0); 1 // 18900
4, 3, (3, 1, 0), (2, 3, 0, 0); 1 // 9450
4, 3, (3, 1, 0), (4, 2, 0, 0); 1 // 4725
4, 3, (3, 1, 0), (6, 1, 0, 0); 2 // 4725
4, 3, (3, 1, 0), (8, 0, 0, 0); 4 // 4725
4, 3, (2, 2, 0), (0, 0, 0, 2); 0 // 1
4, 3, (2, 2, 0), (1, 0, 1, 1); 1 // 259200
4, 3, (2, 2, 0), (0, 2, 0, 1); 1 // 129600
4, 3, (2, 2, 0), (2, 1, 0, 1); 1 // 64800
4, 3, (2, 2, 0), (4, 0, 0, 1); 1 // 32400
4, 3, (2, 2, 0), (0, 1, 2, 0); 1 // 64800
4, 3, (2, 2, 0), (2, 0, 2, 0); 1 // 32400
4, 3, (2, 2, 0), (1, 2, 1, 0); 7 // 129600
4, 3, (2, 2, 0), (3, 1, 1, 0); 7 // 64800
4, 3, (2, 2, 0), (5, 0, 1, 0); 7 // 32400
4, 3, (2, 2, 0), (0, 4, 0, 0); 1 // 10800
4, 3, (2, 2, 0), (2, 3, 0, 0); 1 // 5400
4, 3, (2, 2, 0), (4, 2, 0, 0); 1 // 2700
4, 3, (2, 2, 0), (6, 1, 0, 0); 1 // 1350
4, 3, (2, 2, 0), (8, 0, 0, 0); 1 // 675
4, 3, (2, 1, 1), (0, 0, 0, 2); 0 // 1
4, 3, (2, 1, 1), (1, 0, 1, 1); 1 // 64800
4, 3, (2, 1, 1), (0, 2, 0, 1); 1 // 32400
4, 3, (2, 1, 1), (2, 1, 0, 1); 1 // 16200
4, 3, (2, 1, 1), (4, 0, 0, 1); 1 // 8100
4, 3, (2, 1, 1), (0, 1, 2, 0); 1 // 16200
4, 3, (2, 1, 1), (2, 0, 2, 0); 1 // 8100
4, 3, (2, 1, 1), (1, 2, 1, 0); 7 // 32400
4, 3, (2, 1, 1), (3, 1, 1, 0); 7 // 16200
4, 3, (2, 1, 1), (5, 0, 1, 0); 7 // 8100
4, 3, (2, 1, 1), (0, 4, 0, 0); 1 // 2700
4, 3, (2, 1, 1), (2, 3, 0, 0); 1 // 1350
4, 3, (2, 1, 1), (4, 2, 0, 0); 1 // 675
4, 3, (2, 1, 1), (6, 1, 0, 0); 2 // 675
4, 3, (2, 1, 1), (8, 0, 0, 0); 4 // 675
4, 3, (5, 0, 0), (0, 0, 1, 1); 1 // 3225600
4, 3, (5, 0, 0), (1, 1, 0, 1); 1 // 777600
4, 3, (5, 0, 0), (3, 0, 0, 1); 1 // 388800
4, 3, (5, 0, 0), (1, 0, 2, 0); 1 // 388800
4, 3, (5, 0, 0), (0, 2, 1, 0); 197 // 43545600
4, 3, (5, 0, 0), (2, 1, 1, 0); 197 // 21772800
4, 3, (5, 0, 0), (4, 0, 1, 0); 197 // 10886400
4, 3, (5, 0, 0), (1, 3, 0, 0); 169 // 10886400
4, 3, (5, 0, 0), (3, 2, 0, 0); 169 // 5443200
4, 3, (5, 0, 0), (5, 1, 0, 0); 169 // 2721600
4, 3, (5, 0, 0), (7, 0, 0, 0); 169 // 1360800
4, 3, (4, 1, 0), (0, 0, 1, 1); 1 // 403200
4, 3, (4, 1, 0), (1, 1, 0, 1); 1 // 97200
4, 3, (4, 1, 0), (3, 0, 0, 1); 1 // 48600
4, 3, (4, 1, 0), (1, 0, 2, 0); 1 // 48600
4, 3, (4, 1, 0), (0, 2, 1, 0); 197 // 5443200
4, 3, (4, 1, 0), (2, 1, 1, 0); 197 // 2721600
4, 3, (4, 1, 0), (4, 0, 1, 0); 197 // 1360800
4, 3, (4, 1, 0), (1, 3, 0, 0); 169 // 1360800
4, 3, (4, 1, 0), (3, 2, 0, 0); 169 // 680400
4, 3, (4, 1, 0), (5, 1, 0, 0); 169 // 340200
4, 3, (4, 1, 0), (7, 0, 0, 0); 169 // 170100
4, 3, (3, 2, 0), (0, 0, 1, 1); 1 // 172800
4, 3, (3, 2, 0), (1, 1, 0, 1); 1019 // 43545600
4, 3, (3, 2, 0), (3, 0, 0, 1); 1019 // 21772800
4, 3, (3, 2, 0), (1, 0, 2, 0); 1019 // 21772800
4, 3, (3, 2, 0), (0, 2, 1, 0); 893 // 10886400
4, 3, (3, 2, 0), (2, 1, 1, 0); 893 // 5443200
4, 3, (3, 2, 0), (4, 0, 1, 0); 893 // 2721600
4, 3, (3, 2, 0), (1, 3, 0, 0); 35 // 124416
4, 3, (3, 2, 0), (3, 2, 0, 0); 35 // 62208
4, 3, (3, 2, 0), (5, 1, 0, 0); 35 // 31104
4, 3, (3, 2, 0), (7, 0, 0, 0); 35 // 15552
4, 3, (3, 1, 1), (0, 0, 1, 1); 1 // 57600
4, 3, (3, 1, 1), (1, 1, 0, 1); 7 // 97200
4, 3, (3, 1, 1), (3, 0, 0, 1); 7 // 48600
4, 3, (3, 1, 1), (1, 0, 2, 0); 7 // 48600
4, 3, (3, 1, 1), (0, 2, 1, 0); 197 // 777600
4, 3, (3, 1, 1), (2, 1, 1, 0); 197 // 388800
4, 3, (3, 1, 1), (4, 0, 1, 0); 197 // 194400
4, 3, (3, 1, 1), (1, 3, 0, 0); 169 // 194400
4, 3, (3, 1, 1), (3, 2, 0, 0); 169 // 97200
4, 3, (3, 1, 1), (5, 1, 0, 0); 169 // 48600
4, 3, (3, 1, 1), (7, 0, 0, 0); 169 // 24300
4, 3, (2, 2, 1), (0, 0, 1, 1); 1 // 34560
4, 3, (2, 2, 1), (1, 1, 0, 1); 209 // 1814400
4, 3, (2, 2, 1), (3, 0, 0, 1); 209 // 907200
4, 3, (2, 2, 1), (1, 0, 2, 0); 209 // 907200
4, 3, (2, 2, 1), (0, 2, 1, 0); 731 // 1814400
4, 3, (2, 2, 1), (2, 1, 1, 0); 731 // 907200
4, 3, (2, 2, 1), (4, 0, 1, 0); 731 // 453600
4, 3, (2, 2, 1), (1, 3, 0, 0); 179 // 129600
4, 3, (2, 2, 1), (3, 2, 0, 0); 179 // 64800
4, 3, (2, 2, 1), (5, 1, 0, 0); 179 // 32400
4, 3, (2, 2, 1), (7, 0, 0, 0); 179 // 16200
4, 3, (6, 0, 0), (0, 1, 0, 1); 127 // 116121600
4, 3, (6, 0, 0), (2, 0, 0, 1); 127 // 58060800
4, 3, (6, 0, 0), (0, 0, 2, 0); 127 // 58060800
4, 3, (6, 0, 0), (1, 1, 1, 0); 1343 // 174182400
4, 3, (6, 0, 0), (3, 0, 1, 0); 1343 // 87091200
4, 3, (6, 0, 0), (0, 3, 0, 0); 461 // 34836480
4, 3, (6, 0, 0), (2, 2, 0, 0); 461 // 17418240
4, 3, (6, 0, 0), (4, 1, 0, 0); 461 // 8709120
4, 3, (6, 0, 0), (6, 0, 0, 0); 461 // 4354560
4, 3, (5, 1, 0), (0, 1, 0, 1); 127 // 14515200
4, 3, (5, 1, 0), (2, 0, 0, 1); 127 // 7257600
4, 3, (5, 1, 0), (0, 0, 2, 0); 127 // 7257600
4, 3, (5, 1, 0), (1, 1, 1, 0); 1343 // 21772800
4, 3, (5, 1, 0), (3, 0, 1, 0); 1343 // 10886400
4, 3, (5, 1, 0), (0, 3, 0, 0); 461 // 4354560
4, 3, (5, 1, 0), (2, 2, 0, 0); 461 // 2177280
4, 3, (5, 1, 0), (4, 1, 0, 0); 461 // 1088640
4, 3, (5, 1, 0), (6, 0, 0, 0); 461 // 544320
4, 3, (4, 2, 0), (0, 1, 0, 1); 173 // 7257600
4, 3, (4, 2, 0), (2, 0, 0, 1); 173 // 3628800
4, 3, (4, 2, 0), (0, 0, 2, 0); 173 // 3628800
4, 3, (4, 2, 0), (1, 1, 1, 0); 7249 // 43545600
4, 3, (4, 2, 0), (3, 0, 1, 0); 7249 // 21772800
4, 3, (4, 2, 0), (0, 3, 0, 0); 6211 // 21772800
4, 3, (4, 2, 0), (2, 2, 0, 0); 6211 // 10886400
4, 3, (4, 2, 0), (4, 1, 0, 0); 6211 // 5443200
4, 3, (4, 2, 0), (6, 0, 0, 0); 6211 // 2721600
4, 3, (3, 3, 0), (0, 1, 0, 1); 1879 // 58060800
4, 3, (3, 3, 0), (2, 0, 0, 1); 1879 // 29030400
4, 3, (3, 3, 0), (0, 0, 2, 0); 1879 // 29030400
4, 3, (3, 3, 0), (1, 1, 1, 0); 3919 // 17418240
4, 3, (3, 3, 0), (3, 0, 1, 0); 3919 // 8709120
4, 3, (3, 3, 0), (0, 3, 0, 0); 33553 // 87091200
4, 3, (3, 3, 0), (2, 2, 0, 0); 33553 // 43545600
4, 3, (3, 3, 0), (4, 1, 0, 0); 33553 // 21772800
4, 3, (3, 3, 0), (6, 0, 0, 0); 33553 // 10886400
4, 3, (4, 1, 1), (0, 1, 0, 1); 127 // 2073600
4, 3, (4, 1, 1), (2, 0, 0, 1); 127 // 1036800
4, 3, (4, 1, 1), (0, 0, 2, 0); 127 // 1036800
4, 3, (4, 1, 1), (1, 1, 1, 0); 1343 // 3110400
4, 3, (4, 1, 1), (3, 0, 1, 0); 1343 // 1555200
4, 3, (4, 1, 1), (0, 3, 0, 0); 461 // 622080
4, 3, (4, 1, 1), (2, 2, 0, 0); 461 // 311040
4, 3, (4, 1, 1), (4, 1, 0, 0); 461 // 155520
4, 3, (4, 1, 1), (6, 0, 0, 0); 461 // 77760
4, 3, (3, 2, 1), (0, 1, 0, 1); 1879 // 14515200
4, 3, (3, 2, 1), (2, 0, 0, 1); 1879 // 7257600
4, 3, (3, 2, 1), (0, 0, 2, 0); 1879 // 7257600
4, 3, (3, 2, 1), (1, 1, 1, 0); 3919 // 4354560
4, 3, (3, 2, 1), (3, 0, 1, 0); 3919 // 2177280
4, 3, (3, 2, 1), (0, 3, 0, 0); 33553 // 21772800
4, 3, (3, 2, 1), (2, 2, 0, 0); 33553 // 10886400
4, 3, (3, 2, 1), (4, 1, 0, 0); 33553 // 5443200
4, 3, (3, 2, 1), (6, 0, 0, 0); 33553 // 2721600
4, 3, (2, 2, 2), (0, 1, 0, 1); 209 // 1036800
4, 3, (2, 2, 2), (2, 0, 0, 1); 209 // 518400
4, 3, (2, 2, 2), (0, 0, 2, 0); 209 // 518400
4, 3, (2, 2, 2), (1, 1, 1, 0); 10103 // 7257600
4, 3, (2, 2, 2), (3, 0, 1, 0); 10103 // 3628800
4, 3, (2, 2, 2), (0, 3, 0, 0); 1 // 420
4, 3, (2, 2, 2), (2, 2, 0, 0); 1 // 210
4, 3, (2, 2, 2), (4, 1, 0, 0); 1 // 105
4, 3, (2, 2, 2), (6, 0, 0, 0); 2 // 105
4, 3, (7, 0, 0), (1, 0, 0, 1); 103 // 69672960
4, 3, (7, 0, 0), (0, 1, 1, 0); 17 // 3317760
4, 3, (7, 0, 0), (2, 0, 1, 0); 17 // 1658880
4, 3, (7, 0, 0), (1, 2, 0, 0); 611 // 34836480
4, 3, (7, 0, 0), (3, 1, 0, 0); 611 // 17418240
4, 3, (7, 0, 0), (5, 0, 0, 0); 611 // 8709120
4, 3, (6, 1, 0), (1, 0, 0, 1); 103 // 8709120
4, 3, (6, 1, 0), (0, 1, 1, 0); 17 // 414720
4, 3, (6, 1, 0), (2, 0, 1, 0); 17 // 207360
4, 3, (6, 1, 0), (1, 2, 0, 0); 611 // 4354560
4, 3, (6, 1, 0), (3, 1, 0, 0); 611 // 2177280
4, 3, (6, 1, 0), (5, 0, 0, 0); 611 // 1088640
4, 3, (5, 2, 0), (1, 0, 0, 1); 6427 // 174182400
4, 3, (5, 2, 0), (0, 1, 1, 0); 7307 // 58060800
4, 3, (5, 2, 0), (2, 0, 1, 0); 7307 // 29030400
4, 3, (5, 2, 0), (1, 2, 0, 0); 1069 // 2488320
4, 3, (5, 2, 0), (3, 1, 0, 0); 1069 // 1244160
4, 3, (5, 2, 0), (5, 0, 0, 0); 1069 // 622080
4, 3, (4, 3, 0), (1, 0, 0, 1); 23 // 368640
4, 3, (4, 3, 0), (0, 1, 1, 0); 24383 // 116121600
4, 3, (4, 3, 0), (2, 0, 1, 0); 24383 // 58060800
4, 3, (4, 3, 0), (1, 2, 0, 0); 41521 // 58060800
4, 3, (4, 3, 0), (3, 1, 0, 0); 41521 // 29030400
4, 3, (4, 3, 0), (5, 0, 0, 0); 41521 // 14515200
4, 3, (5, 1, 1), (1, 0, 0, 1); 103 // 1244160
4, 3, (5, 1, 1), (0, 1, 1, 0); 119 // 414720
4, 3, (5, 1, 1), (2, 0, 1, 0); 119 // 207360
4, 3, (5, 1, 1), (1, 2, 0, 0); 611 // 622080
4, 3, (5, 1, 1), (3, 1, 0, 0); 611 // 311040
4, 3, (5, 1, 1), (5, 0, 0, 0); 611 // 155520
4, 3, (4, 2, 1), (1, 0, 0, 1); 3083 // 14515200
4, 3, (4, 2, 1), (0, 1, 1, 0); 129 // 179200
4, 3, (4, 2, 1), (2, 0, 1, 0); 129 // 89600
4, 3, (4, 2, 1), (1, 2, 0, 0); 509 // 207360
4, 3, (4, 2, 1), (3, 1, 0, 0); 509 // 103680
4, 3, (4, 2, 1), (5, 0, 0, 0); 509 // 51840
4, 3, (3, 3, 1), (1, 0, 0, 1); 2081 // 7257600
4, 3, (3, 3, 1), (0, 1, 1, 0); 6967 // 7257600
4, 3, (3, 3, 1), (2, 0, 1, 0); 6967 // 3628800
4, 3, (3, 3, 1), (1, 2, 0, 0); 439 // 134400
4, 3, (3, 3, 1), (3, 1, 0, 0); 439 // 67200
4, 3, (3, 3, 1), (5, 0, 0, 0); 439 // 33600
4, 3, (3, 2, 2), (1, 0, 0, 1); 3613 // 8294400
4, 3, (3, 2, 2), (0, 1, 1, 0); 84073 // 58060800
4, 3, (3, 2, 2), (2, 0, 1, 0); 84073 // 29030400
4, 3, (3, 2, 2), (1, 2, 0, 0); 28571 // 5806080
4, 3, (3, 2, 2), (3, 1, 0, 0); 28571 // 2903040
4, 3, (3, 2, 2), (5, 0, 0, 0); 28571 // 1451520
4, 3, (8, 0, 0), (0, 0, 0, 1); 127 // 154828800
4, 3, (8, 0, 0), (1, 0, 1, 0); 1859 // 348364800
4, 3, (8, 0, 0), (0, 2, 0, 0); 899 // 99532800
4, 3, (8, 0, 0), (2, 1, 0, 0); 899 // 49766400
4, 3, (8, 0, 0), (4, 0, 0, 0); 899 // 24883200
4, 3, (7, 1, 0), (0, 0, 0, 1); 127 // 19353600
4, 3, (7, 1, 0), (1, 0, 1, 0); 1859 // 43545600
4, 3, (7, 1, 0), (0, 2, 0, 0); 899 // 12441600
4, 3, (7, 1, 0), (2, 1, 0, 0); 899 // 6220800
4, 3, (7, 1, 0), (4, 0, 0, 0); 899 // 3110400
4, 3, (6, 2, 0), (0, 0, 0, 1); 127 // 5529600
4, 3, (6, 2, 0), (1, 0, 1, 0); 25301 // 174182400
4, 3, (6, 2, 0), (0, 2, 0, 0); 42601 // 174182400
4, 3, (6, 2, 0), (2, 1, 0, 0); 42601 // 87091200
4, 3, (6, 2, 0), (4, 0, 0, 0); 42601 // 43545600
4, 3, (5, 3, 0), (0, 0, 0, 1); 127 // 2764800
4, 3, (5, 3, 0), (1, 0, 1, 0); 49513 // 174182400
4, 3, (5, 3, 0), (0, 2, 0, 0); 5189 // 10886400
4, 3, (5, 3, 0), (2, 1, 0, 0); 5189 // 5443200
4, 3, (5, 3, 0), (4, 0, 0, 0); 5189 // 2721600
4, 3, (4, 4, 0), (0, 0, 0, 1); 127 // 2211840
4, 3, (4, 4, 0), (1, 0, 1, 0); 20479 // 58060800
4, 3, (4, 4, 0), (0, 2, 0, 0); 68581 // 116121600
4, 3, (4, 4, 0), (2, 1, 0, 0); 68581 // 58060800
4, 3, (4, 4, 0), (4, 0, 0, 0); 68581 // 29030400
4, 3, (6, 1, 1), (0, 0, 0, 1); 127 // 2764800
4, 3, (6, 1, 1), (1, 0, 1, 0); 1859 // 6220800
4, 3, (6, 1, 1), (0, 2, 0, 0); 6293 // 12441600
4, 3, (6, 1, 1), (2, 1, 0, 0); 6293 // 6220800
4, 3, (6, 1, 1), (4, 0, 0, 0); 6293 // 3110400
4, 3, (5, 2, 1), (0, 0, 0, 1); 127 // 921600
4, 3, (5, 2, 1), (1, 0, 1, 0); 37589 // 43545600
4, 3, (5, 2, 1), (0, 2, 0, 0); 126353 // 87091200
4, 3, (5, 2, 1), (2, 1, 0, 0); 126353 // 43545600
4, 3, (5, 2, 1), (4, 0, 0, 0); 126353 // 21772800
4, 3, (4, 3, 1), (0, 0, 0, 1); 127 // 552960
4, 3, (4, 3, 1), (1, 0, 1, 0); 20479 // 14515200
4, 3, (4, 3, 1), (0, 2, 0, 0); 68581 // 29030400
4, 3, (4, 3, 1), (2, 1, 0, 0); 68581 // 14515200
4, 3, (4, 3, 1), (4, 0, 0, 0); 68581 // 7257600
4, 3, (4, 2, 2), (0, 0, 0, 1); 127 // 368640
4, 3, (4, 2, 2), (1, 0, 1, 0); 60611 // 29030400
4, 3, (4, 2, 2), (0, 2, 0, 0); 202439 // 58060800
4, 3, (4, 2, 2), (2, 1, 0, 0); 202439 // 29030400
4, 3, (4, 2, 2), (4, 0, 0, 0); 202439 // 14515200
4, 3, (3, 3, 2), (0, 0, 0, 1); 127 // 276480
4, 3, (3, 3, 2), (1, 0, 1, 0); 8873 // 3225600
4, 3, (3, 3, 2), (0, 2, 0, 0); 11087 // 2419200
4, 3, (3, 3, 2), (2, 1, 0, 0); 11087 // 1209600
4, 3, (3, 3, 2), (4, 0, 0, 0); 11087 // 604800
4, 3, (9, 0, 0), (0, 0, 1, 0); 13 // 6220800
4, 3, (9, 0, 0), (1, 1, 0, 0); 269 // 38707200
4, 3, (9, 0, 0), (3, 0, 0, 0); 269 // 19353600
4, 3, (8, 1, 0), (0, 0, 1, 0); 13 // 777600
4, 3, (8, 1, 0), (1, 1, 0, 0); 269 // 4838400
4, 3, (8, 1, 0), (3, 0, 0, 0); 269 // 2419200
4, 3, (7, 2, 0), (0, 0, 1, 0); 21527 // 348364800
4, 3, (7, 2, 0), (1, 1, 0, 0); 7901 // 38707200
4, 3, (7, 2, 0), (3, 0, 0, 0); 7901 // 19353600
4, 3, (6, 3, 0), (0, 0, 1, 0); 15913 // 116121600
4, 3, (6, 3, 0), (1, 1, 0, 0); 13099 // 29030400
4, 3, (6, 3, 0), (3, 0, 0, 0); 13099 // 14515200
4, 3, (5, 4, 0), (0, 0, 1, 0); 11639 // 58060800
4, 3, (5, 4, 0), (1, 1, 0, 0); 38321 // 58060800
4, 3, (5, 4, 0), (3, 0, 0, 0); 38321 // 29030400
4, 3, (7, 1, 1), (0, 0, 1, 0); 91 // 777600
4, 3, (7, 1, 1), (1, 1, 0, 0); 269 // 691200
4, 3, (7, 1, 1), (3, 0, 0, 0); 269 // 345600
4, 3, (6, 2, 1), (0, 0, 1, 0); 5477 // 14515200
4, 3, (6, 2, 1), (1, 1, 0, 0); 1003 // 806400
4, 3, (6, 2, 1), (3, 0, 0, 0); 1003 // 403200
4, 3, (5, 3, 1), (0, 0, 1, 0); 2609 // 3628800
4, 3, (5, 3, 1), (1, 1, 0, 0); 2453 // 1036800
4, 3, (5, 3, 1), (3, 0, 0, 0); 2453 // 518400
4, 3, (4, 4, 1), (0, 0, 1, 0); 6421 // 7257600
4, 3, (4, 4, 1), (1, 1, 0, 0); 47 // 16128
4, 3, (4, 4, 1), (3, 0, 0, 0); 47 // 8064
4, 3, (5, 2, 2), (0, 0, 1, 0); 241 // 230400
4, 3, (5, 2, 2), (1, 1, 0, 0); 24863 // 7257600
4, 3, (5, 2, 2), (3, 0, 0, 0); 24863 // 3628800
4, 3, (4, 3, 2), (0, 0, 1, 0); 27821 // 16588800
4, 3, (4, 3, 2), (1, 1, 0, 0); 637417 // 116121600
4, 3, (4, 3, 2), (3, 0, 0, 0); 637417 // 58060800
4, 3, (3, 3, 3), (0, 0, 1, 0); 4531 // 2073600
4, 3, (3, 3, 3), (1, 1, 0, 0); 3949 // 552960
4, 3, (3, 3, 3), (3, 0, 0, 0); 3949 // 276480
4, 3, (10, 0, 0), (0, 1, 0, 0); 1357 // 696729600
4, 3, (10, 0, 0), (2, 0, 0, 0); 1357 // 348364800
4, 3, (9, 1, 0), (0, 1, 0, 0); 1357 // 87091200
4, 3, (9, 1, 0), (2, 0, 0, 0); 1357 // 43545600
4, 3, (8, 2, 0), (0, 1, 0, 0); 4289 // 69672960
4, 3, (8, 2, 0), (2, 0, 0, 0); 4289 // 34836480
4, 3, (7, 3, 0), (0, 1, 0, 0); 10603 // 69672960
4, 3, (7, 3, 0), (2, 0, 0, 0); 10603 // 34836480
4, 3, (6, 4, 0), (0, 1, 0, 0); 19819 // 77414400
4, 3, (6, 4, 0), (2, 0, 0, 0); 19819 // 38707200
4, 3, (5, 5, 0), (0, 1, 0, 0); 979 // 3225600
4, 3, (5, 5, 0), (2, 0, 0, 0); 979 // 1612800
4, 3, (8, 1, 1), (0, 1, 0, 0); 1357 // 12441600
4, 3, (8, 1, 1), (2, 0, 0, 0); 1357 // 6220800
4, 3, (7, 2, 1), (0, 1, 0, 0); 33391 // 87091200
4, 3, (7, 2, 1), (2, 0, 0, 0); 33391 // 43545600
4, 3, (6, 3, 1), (0, 1, 0, 0); 1153 // 1382400
4, 3, (6, 3, 1), (2, 0, 0, 0); 1153 // 691200
4, 3, (5, 4, 1), (0, 1, 0, 0); 979 // 806400
4, 3, (5, 4, 1), (2, 0, 0, 0); 979 // 403200
4, 3, (6, 2, 2), (0, 1, 0, 0); 137843 // 116121600
4, 3, (6, 2, 2), (2, 0, 0, 0); 137843 // 58060800
4, 3, (5, 3, 2), (0, 1, 0, 0); 577 // 258048
4, 3, (5, 3, 2), (2, 0, 0, 0); 577 // 129024
4, 3, (4, 4, 2), (0, 1, 0, 0); 2657 // 967680
4, 3, (4, 4, 2), (2, 0, 0, 0); 2657 // 483840
4, 3, (4, 3, 3), (0, 1, 0, 0); 58951 // 16588800
4, 3, (4, 3, 3), (2, 0, 0, 0); 58951 // 8294400
4, 3, (11, 0, 0), (1, 0, 0, 0); 1 // 1244160
4, 3, (10, 1, 0), (1, 0, 0, 0); 1 // 155520
4, 3, (9, 2, 0), (1, 0, 0, 0); 9529 // 348364800
4, 3, (8, 3, 0), (1, 0, 0, 0); 8711 // 116121600
4, 3, (7, 4, 0), (1, 0, 0, 0); 1033 // 7257600
4, 3, (6, 5, 0), (1, 0, 0, 0); 2257 // 11612160
4, 3, (9, 1, 1), (1, 0, 0, 0); 7 // 155520
4, 3, (8, 2, 1), (1, 0, 0, 0); 841 // 4838400
4, 3, (7, 3, 1), (1, 0, 0, 0); 221 // 518400
4, 3, (6, 4, 1), (1, 0, 0, 0); 517 // 725760
4, 3, (5, 5, 1), (1, 0, 0, 0); 1223 // 1451520
4, 3, (7, 2, 2), (1, 0, 0, 0); 3487 // 5806080
4, 3, (6, 3, 2), (1, 0, 0, 0); 50243 // 38707200
4, 3, (5, 4, 2), (1, 0, 0, 0); 2597 // 1382400
4, 3, (5, 3, 3), (1, 0, 0, 0); 3359 // 1382400
4, 3, (4, 4, 3), (1, 0, 0, 0); 137 // 46080
4, 3, (12, 0, 0), (0, 0, 0, 0); 1 // 7962624
4, 3, (11, 1, 0), (0, 0, 0, 0); 1 // 995328
4, 3, (10, 2, 0), (0, 0, 0, 0); 23 // 4976640
4, 3, (9, 3, 0), (0, 0, 0, 0); 971 // 69672960
4, 3, (8, 4, 0), (0, 0, 0, 0); 341 // 11612160
4, 3, (7, 5, 0), (0, 0, 0, 0); 527 // 11612160
4, 3, (6, 6, 0), (0, 0, 0, 0); 487 // 9289728
4, 3, (10, 1, 1), (0, 0, 0, 0); 7 // 995328
4, 3, (9, 2, 1), (0, 0, 0, 0); 149 // 4976640
4, 3, (8, 3, 1), (0, 0, 0, 0); 947 // 11612160
4, 3, (7, 4, 1), (0, 0, 0, 0); 1781 // 11612160
4, 3, (6, 5, 1), (0, 0, 0, 0); 487 // 2322432
4, 3, (8, 2, 2), (0, 0, 0, 0); 53 // 460800
4, 3, (7, 3, 2), (0, 0, 0, 0); 16243 // 58060800
4, 3, (6, 4, 2), (0, 0, 0, 0); 1081 // 2322432
4, 3, (5, 5, 2), (0, 0, 0, 0); 533 // 967680
4, 3, (6, 3, 3), (0, 0, 0, 0); 1997 // 3317760
4, 3, (5, 4, 3), (0, 0, 0, 0); 719 // 829440
4, 3, (4, 4, 4), (0, 0, 0, 0); 175 // 165888
