3, 4, (0, 0, 0, 0), (1, 0, 3); 0 // 1
3, 4, (0, 0, 0, 0), (0, 2, 2); 0 // 1
3, 4, (0, 0, 0, 0), (2, 1, 2); 0 // 1
3, 4, (0, 0, 0, 0), (4, 0, 2); 0 // 1
3, 4, (0, 0, 0, 0), (1, 3, 1); 0 // 1
3, 4, (0, 0, 0, 0), (3, 2, 1); 0 // 1
3, 4, (0, 0, 0, 0), (5, 1, 1); 0 // 1
3, 4, (0, 0, 0, 0), (7, 0, 1); 0 // 1
3, 4, (0, 0, 0, 0), (0, 5, 0); 0 // 1
3, 4, (0, 0, 0, 0), (2, 4, 0); 0 // 1
3, 4, (0, 0, 0, 0), (4, 3, 0); 0 // 1
3, 4, (0, 0, 0, 0), (6, 2, 0); 0 // 1
3, 4, (0, 0, 0, 0), (8, 1, 0); 0 // 1
3, 4, (0, 0, 0, 0), (10, 0, 0); 0 // 1
3, 4, (1, 0, 0, 0), (0, 0, 3); 0 // 1
3, 4, (1, 0, 0, 0), (1, 1, 2); 0 // 1
3, 4, (1, 0, 0, 0), (3, 0, 2); 0 // 1
3, 4, (1, 0, 0, 0), (0, 3, 1); 0 // 1
3, 4, (1, 0, 0, 0), (2, 2, 1); 0 // 1
3, 4, (1, 0, 0, 0), (4, 1, 1); 0 // 1
3, 4, (1, 0, 0, 0), (6, 0, 1); 0 // 1
3, 4, (1, 0, 0, 0), (1, 4, 0); 0 // 1
3, 4, (1, 0, 0, 0), (3, 3, 0); 0 // 1
3, 4, (1, 0, 0, 0), (5, 2, 0); 0 // 1
3, 4, (1, 0, 0, 0), (7, 1, 0); 0 // 1
3, 4, (1, 0, 0, 0), (9, 0, 0); 0 // 1
3, 4, (2, 0, 0, 0), (0, 1, 2); 0 // 1
3, 4, (2, 0, 0, 0), (2, 0, 2); 0 // 1
3, 4, (2, 0, 0, 0), (1, 2, 1); 0 // 1
3, 4, (2, 0, 0, 0), (3, 1, 1); 0 // 1
3, 4, (2, 0, 0, 0), (5, 0, 1); 0 // 1
3, 4, (2, 0, 0, 0), (0, 4, 0); 0 // 1
3, 4, (2, 0, 0, 0), (2, 3, 0); 0 // 1
3, 4, (2, 0, 0, 0), (4, 2, 0); 0 // 1
3, 4, (2, 0, 0, 0), (6, 1, 0); 0 // 1
3, 4, (2, 0, 0, 0), (8, 0, 0); 0 // 1
3, 4, (1, 1, 0, 0), (0, 1, 2); 0 // 1
3, 4, (1, 1, 0, 0), (2, 0, 2); 0 // 1
3, 4, (1, 1, 0, 0), (1, 2, 1); 0 // 1
3, 4, (1, 1, 0, 0), (3, 1, 1); 0 // 1
3, 4, (1, 1, 0, 0), (5, 0, 1); 0 // 1
3, 4, (1, 1, 0, 0), (0, 4, 0); 0 // 1
3, 4, (1, 1, 0, 0), (2, 3, 0); 0 // 1
3, 4, (1, 1, 0, 0), (4, 2, 0); 0 // 1
3, 4, (1, 1, 0, 0), (6, 1, 0); 0 // 1
3, 4, (1, 1, 0, 0), (8, 0, 0); 0 // 1
3, 4, (3, 0, 0, 0), (1, 0, 2); 0 // 1
3, 4, (3, 0, 0, 0), (0, 2, 1); 0 // 1
3, 4, (3, 0, 0, 0), (2, 1, 1); 0 // 1
3, 4, (3, 0, 0, 0), (4, 0, 1); 0 // 1
3, 4, (3, 0, 0, 0), (1, 3, 0); 0 // 1
3, 4, (3, 0, 0, 0), (3, 2, 0); 0 // 1
3, 4, (3, 0, 0, 0), (5, 1, 0); 0 // 1
3, 4, (3, 0, 0, 0), (7, 0, 0); 0 // 1
3, 4, (2, 1, 0, 0), (1, 0, 2); 0 // 1
3, 4, (2, 1, 0, 0), (0, 2, 1); 0 // 1
3, 4, (2, 1, 0, 0), (2, 1, 1); 0 // 1
3, 4, (2, 1, 0, 0), (4, 0, 1); 0 // 1
3, 4, (2, 1, 0, 0), (1, 3, 0); 0 // 1
3, 4, (2, 1, 0, 0), (3, 2, 0); 0 // 1
3, 4, (2, 1, 0, 0), (5, 1, 0); 0 // 1
3, 4, (2, 1, 0, 0), (7, 0, 0); 0 // 1
3, 4, (1, 1, 1, 0), (1, 0, 2); 0 // 1
3, 4, (1, 1, 1, 0), (0, 2, 1); 0 // 1
3, 4, (1, 1, 1, 0), (2, 1, 1); 0 // 1
3, 4, (1, 1, 1, 0), (4, 0, 1); 0 // 1
3, 4, (1, 1, 1, 0), (1, 3, 0); 0 // 1
3, 4, (1, 1, 1, 0), (3, 2, 0); 0 // 1
3, 4, (1, 1, 1, 0), (5, 1, 0); 0 // 1
3, 4, (1, 1, 1, 0), (7, 0, 0); 0 // 1
3, 4, (4, 0, 0, 0), (0, 0, 2); 0 // 1
3, 4, (4, 0, 0, 0), (1, 1, 1); 1 // 362880
3, 4, (4, 0, 0, 0), (3, 0, 1); 1 // 181440
3, 4, (4, 0, 0, 0), (0, 3, 0); 1 // 181440
3, 4, (4, 0, 0, 0), (2, 2, 0); 1 // 90720
3, 4, (4, 0, 0, 0), (4, 1, 0); 1 // 45360
3, 4, (4, 0, 0, 0), (6, 0, 0); 1 // 22680
3, 4, (3, 1, 0, 0), (0, 0, 2); 0 // 1
3, 4, (3, 1, 0, 0), (1, 1, 1); 1 // 51840
3, 4, (3, 1, 0, 0), (3, 0, 1); 1 // 25920
3, 4, (3, 1, 0, 0), (0, 3, 0); 1 // 25920
3, 4, (3, 1, 0, 0), (2, 2, 0); 1 // 12960
3, 4, (3, 1, 0, 0), (4, 1, 0); 1 // 6480
3, 4, (3, 1, 0, 0), (6, 0, 0); 1 // 3240
3, 4, (2, 2, 0, 0), (0, 0, 2); 0 // 1
3, 4, (2, 2, 0, 0), (1, 1, 1); 1 // 30240
3, 4, (2, 2, 0, 0), (3, 0, 1); 1 // 15120
3, 4, (2, 2, 0, 0), (0, 3, 0); 1 // 15120
3, 4, (2, 2, 0, 0), (2, 2, 0); 1 // 7560
3, 4, (2, 2, 0, 0), (4, 1, 0); 1 // 3780
3, 4, (2, 2, 0, 0), (6, 0, 0); 1 // 1890
3, 4, (2, 1, 1, 0), (0, 0, 2); 0 // 1
3, 4, (2, 1, 1, 0), (1, 1, 1); 1 // 8640
3, 4, (2, 1, 1, 0), (3, 0, 1); 1 // 4320
3, 4, (2, 1, 1, 0), (0, 3, 0); 1 // 4320
3, 4, (2, 1, 1, 0), (2, 2, 0); 1 // 2160
3, 4, (2, 1, 1, 0), (4, 1, 0); 1 // 1080
3, 4, (2, 1, 1, 0), (6, 0, 0); 1 // 540
3, 4, (1, 1, 1, 1), (0, 0, 2); 0 // 1
3, 4, (1, 1, 1, 1), (1, 1, 1); 1 // 1728
3, 4, (1, 1, 1, 1), (3, 0, 1); 1 // 864
3, 4, (1, 1, 1, 1), (0, 3, 0); 1 // 864
3, 4, (1, 1, 1, 1), (2, 2, 0); 1 // 432
3, 4, (1, 1, 1, 1), (4, 1, 0); 1 // 216
3, 4, (1, 1, 1, 1), (6, 0, 0); 1 // 108
3, 4, (5, 0, 0, 0), (0, 1, 1); 1 // 120960
3, 4, (5, 0, 0, 0), (2, 0, 1); 1 // 60480
3, 4, (5, 0, 0, 0), (1, 2, 0); 1 // 30240
3, 4, (5, 0, 0, 0), (3, 1, 0); 1 // 15120
3, 4, (5, 0, 0, 0), (5, 0, 0); 1 // 7560
3, 4, (4, 1, 0, 0), (0, 1, 1); 1 // 17280
3, 4, (4, 1, 0, 0), (2, 0, 1); 1 // 8640
3, 4, (4, 1, 0, 0), (1, 2, 0); 1 // 4320
3, 4, (4, 1, 0, 0), (3, 1, 0); 1 // 2160
3, 4, (4, 1, 0, 0), (5, 0, 0); 1 // 1080
3, 4, (3, 2, 0, 0), (0, 1, 1); 1 // 7560
3, 4, (3, 2, 0, 0), (2, 0, 1); 1 // 3780
3, 4, (3, 2, 0, 0), (1, 2, 0); 1 // 1890
3, 4, (3, 2, 0, 0), (3, 1, 0); 1 // 945
3, 4, (3, 2, 0, 0), (5, 0, 0); 2 // 945
3, 4, (3, 1, 1, 0), (0, 1, 1); 1 // 2880
3, 4, (3, 1, 1, 0), (2, 0, 1); 1 // 1440
3, 4, (3, 1, 1, 0), (1, 2, 0); 1 // 720
3, 4, (3, 1, 1, 0), (3, 1, 0); 1 // 360
3, 4, (3, 1, 1, 0), (5, 0, 0); 1 // 180
3, 4, (2, 2, 1, 0), (0, 1, 1); 1 // 1728
3, 4, (2, 2, 1, 0), (2, 0, 1); 1 // 864
3, 4, (2, 2, 1, 0), (1, 2, 0); 1 // 432
3, 4, (2, 2, 1, 0), (3, 1, 0); 1 // 216
3, 4, (2, 2, 1, 0), (5, 0, 0); 1 // 108
3, 4, (2, 1, 1, 1), (0, 1, 1); 1 // 576
3, 4, (2, 1, 1, 1), (2, 0, 1); 1 // 288
3, 4, (2, 1, 1, 1), (1, 2, 0); 1 // 144
3, 4, (2, 1, 1, 1), (3, 1, 0); 1 // 72
3, 4, (2, 1, 1, 1), (5, 0, 0); 1 // 36
3, 4, (6, 0, 0, 0), (1, 0, 1); 41 // 1451520
3, 4, (6, 0, 0, 0), (0, 2, 0); 41 // 725760
3, 4, (6, 0, 0, 0), (2, 1, 0); 41 // 362880
3, 4, (6, 0, 0, 0), (4, 0, 0); 41 // 181440
3, 4, (5, 1, 0, 0), (1, 0, 1); 41 // 207360
3, 4, (5, 1, 0, 0), (0, 2, 0); 41 // 103680
3, 4, (5, 1, 0, 0), (2, 1, 0); 41 // 51840
3, 4, (5, 1, 0, 0), (4, 0, 0); 41 // 25920
3, 4, (4, 2, 0, 0), (1, 0, 1); 253 // 483840
3, 4, (4, 2, 0, 0), (0, 2, 0); 253 // 241920
3, 4, (4, 2, 0, 0), (2, 1, 0); 253 // 120960
3, 4, (4, 2, 0, 0), (4, 0, 0); 253 // 60480
3, 4, (3, 3, 0, 0), (1, 0, 1); 19 // 26880
3, 4, (3, 3, 0, 0), (0, 2, 0); 19 // 13440
3, 4, (3, 3, 0, 0), (2, 1, 0); 19 // 6720
3, 4, (3, 3, 0, 0), (4, 0, 0); 19 // 3360
3, 4, (4, 1, 1, 0), (1, 0, 1); 41 // 34560
3, 4, (4, 1, 1, 0), (0, 2, 0); 41 // 17280
3, 4, (4, 1, 1, 0), (2, 1, 0); 41 // 8640
3, 4, (4, 1, 1, 0), (4, 0, 0); 41 // 4320
3, 4, (3, 2, 1, 0), (1, 0, 1); 19 // 7680
3, 4, (3, 2, 1, 0), (0, 2, 0); 19 // 3840
3, 4, (3, 2, 1, 0), (2, 1, 0); 19 // 1920
3, 4, (3, 2, 1, 0), (4, 0, 0); 19 // 960
3, 4, (2, 2, 2, 0), (1, 0, 1); 11 // 2880
3, 4, (2, 2, 2, 0), (0, 2, 0); 11 // 1440
3, 4, (2, 2, 2, 0), (2, 1, 0); 11 // 720
3, 4, (2, 2, 2, 0), (4, 0, 0); 11 // 360
3, 4, (3, 1, 1, 1), (1, 0, 1); 41 // 6912
3, 4, (3, 1, 1, 1), (0, 2, 0); 41 // 3456
3, 4, (3, 1, 1, 1), (2, 1, 0); 41 // 1728
3, 4, (3, 1, 1, 1), (4, 0, 0); 41 // 864
3, 4, (2, 2, 1, 1), (1, 0, 1); 77 // 8640
3, 4, (2, 2, 1, 1), (0, 2, 0); 77 // 4320
3, 4, (2, 2, 1, 1), (2, 1, 0); 77 // 2160
3, 4, (2, 2, 1, 1), (4, 0, 0); 77 // 1080
3, 4, (7, 0, 0, 0), (0, 0, 1); 31 // 967680
3, 4, (7, 0, 0, 0), (1, 1, 0); 23 // 193536
3, 4, (7, 0, 0, 0), (3, 0, 0); 23 // 96768
3, 4, (6, 1, 0, 0), (0, 0, 1); 31 // 138240
3, 4, (6, 1, 0, 0), (1, 1, 0); 23 // 27648
3, 4, (6, 1, 0, 0), (3, 0, 0); 23 // 13824
3, 4, (5, 2, 0, 0), (0, 0, 1); 31 // 46080
3, 4, (5, 2, 0, 0), (1, 1, 0); 2377 // 967680
3, 4, (5, 2, 0, 0), (3, 0, 0); 2377 // 483840
3, 4, (4, 3, 0, 0), (0, 0, 1); 31 // 27648
3, 4, (4, 3, 0, 0), (1, 1, 0); 3911 // 967680
3, 4, (4, 3, 0, 0), (3, 0, 0); 3911 // 483840
3, 4, (5, 1, 1, 0), (0, 0, 1); 31 // 23040
3, 4, (5, 1, 1, 0), (1, 1, 0); 23 // 4608
3, 4, (5, 1, 1, 0), (3, 0, 0); 23 // 2304
3, 4, (4, 2, 1, 0), (0, 0, 1); 31 // 9216
3, 4, (4, 2, 1, 0), (1, 1, 0); 1687 // 138240
3, 4, (4, 2, 1, 0), (3, 0, 0); 1687 // 69120
3, 4, (3, 3, 1, 0), (0, 0, 1); 31 // 6912
3, 4, (3, 3, 1, 0), (1, 1, 0); 139 // 8640
3, 4, (3, 3, 1, 0), (3, 0, 0); 139 // 4320
3, 4, (3, 2, 2, 0), (0, 0, 1); 31 // 4608
3, 4, (3, 2, 2, 0), (1, 1, 0); 331 // 13824
3, 4, (3, 2, 2, 0), (3, 0, 0); 331 // 6912
3, 4, (4, 1, 1, 1), (0, 0, 1); 31 // 4608
3, 4, (4, 1, 1, 1), (1, 1, 0); 115 // 4608
3, 4, (4, 1, 1, 1), (3, 0, 0); 115 // 2304
3, 4, (3, 2, 1, 1), (0, 0, 1); 31 // 2304
3, 4, (3, 2, 1, 1), (1, 1, 0); 139 // 2880
3, 4, (3, 2, 1, 1), (3, 0, 0); 139 // 1440
3, 4, (2, 2, 2, 1), (0, 0, 1); 31 // 1536
3, 4, (2, 2, 2, 1), (1, 1, 0); 4913 // 69120
3, 4, (2, 2, 2, 1), (3, 0, 0); 4913 // 34560
3, 4, (8, 0, 0, 0), (0, 1, 0); 41 // 580608
3, 4, (8, 0, 0, 0), (2, 0, 0); 41 // 290304
3, 4, (7, 1, 0, 0), (0, 1, 0); 41 // 82944
3, 4, (7, 1, 0, 0), (2, 0, 0); 41 // 41472
3, 4, (6, 2, 0, 0), (0, 1, 0); 191 // 120960
3, 4, (6, 2, 0, 0), (2, 0, 0); 191 // 60480
3, 4, (5, 3, 0, 0), (0, 1, 0); 193 // 64512
3, 4, (5, 3, 0, 0), (2, 0, 0); 193 // 32256
3, 4, (4, 4, 0, 0), (0, 1, 0); 1777 // 483840
3, 4, (4, 4, 0, 0), (2, 0, 0); 1777 // 241920
3, 4, (6, 1, 1, 0), (0, 1, 0); 41 // 13824
3, 4, (6, 1, 1, 0), (2, 0, 0); 41 // 6912
3, 4, (5, 2, 1, 0), (0, 1, 0); 559 // 69120
3, 4, (5, 2, 1, 0), (2, 0, 0); 559 // 34560
3, 4, (4, 3, 1, 0), (0, 1, 0); 1777 // 138240
3, 4, (4, 3, 1, 0), (2, 0, 0); 1777 // 69120
3, 4, (4, 2, 2, 0), (0, 1, 0); 1279 // 69120
3, 4, (4, 2, 2, 0), (2, 0, 0); 1279 // 34560
3, 4, (3, 3, 2, 0), (0, 1, 0); 23 // 960
3, 4, (3, 3, 2, 0), (2, 0, 0); 23 // 480
3, 4, (5, 1, 1, 1), (0, 1, 0); 205 // 13824
3, 4, (5, 1, 1, 1), (2, 0, 0); 205 // 6912
3, 4, (4, 2, 1, 1), (0, 1, 0); 2329 // 69120
3, 4, (4, 2, 1, 1), (2, 0, 0); 2329 // 34560
3, 4, (3, 3, 1, 1), (0, 1, 0); 1501 // 34560
3, 4, (3, 3, 1, 1), (2, 0, 0); 1501 // 17280
3, 4, (3, 2, 2, 1), (0, 1, 0); 859 // 13824
3, 4, (3, 2, 2, 1), (2, 0, 0); 859 // 6912
3, 4, (2, 2, 2, 2), (0, 1, 0); 17 // 192
3, 4, (2, 2, 2, 2), (2, 0, 0); 17 // 96
3, 4, (9, 0, 0, 0), (1, 0, 0); 7 // 138240
3, 4, (8, 1, 0, 0), (1, 0, 0); 49 // 138240
3, 4, (7, 2, 0, 0), (1, 0, 0); 79 // 64512
3, 4, (6, 3, 0, 0), (1, 0, 0); 2563 // 967680
3, 4, (5, 4, 0, 0), (1, 0, 0); 133 // 34560
3, 4, (7, 1, 1, 0), (1, 0, 0); 49 // 23040
3, 4, (6, 2, 1, 0), (1, 0, 0); 33 // 5120
3, 4, (5, 3, 1, 0), (1, 0, 0); 209 // 17280
3, 4, (4, 4, 1, 0), (1, 0, 0); 19 // 1280
3, 4, (5, 2, 2, 0), (1, 0, 0); 293 // 17280
3, 4, (4, 3, 2, 0), (1, 0, 0); 1859 // 69120
3, 4, (3, 3, 3, 0), (1, 0, 0); 89 // 2560
3, 4, (6, 1, 1, 1), (1, 0, 0); 49 // 4608
3, 4, (5, 2, 1, 1), (1, 0, 0); 323 // 11520
3, 4, (4, 3, 1, 1), (1, 0, 0); 57 // 1280
3, 4, (4, 2, 2, 1), (1, 0, 0); 541 // 8640
3, 4, (3, 3, 2, 1), (1, 0, 0); 623 // 7680
3, 4, (3, 2, 2, 2), (1, 0, 0); 395 // 3456
3, 4, (10, 0, 0, 0), (0, 0, 0); 1 // 82944
3, 4, (9, 1, 0, 0), (0, 0, 0); 7 // 82944
3, 4, (8, 2, 0, 0), (0, 0, 0); 11 // 34560
3, 4, (7, 3, 0, 0), (0, 0, 0); 251 // 322560
3, 4, (6, 4, 0, 0), (0, 0, 0); 251 // 193536
3, 4, (5, 5, 0, 0), (0, 0, 0); 37 // 24192
3, 4, (8, 1, 1, 0), (0, 0, 0); 7 // 13824
3, 4, (7, 2, 1, 0), (0, 0, 0); 119 // 69120
3, 4, (6, 3, 1, 0), (0, 0, 0); 103 // 27648
3, 4, (5, 4, 1, 0), (0, 0, 0); 37 // 6912
3, 4, (6, 2, 2, 0), (0, 0, 0); 179 // 34560
3, 4, (5, 3, 2, 0), (0, 0, 0); 167 // 17280
3, 4, (4, 4, 2, 0), (0, 0, 0); 407 // 34560
3, 4, (4, 3, 3, 0), (0, 0, 0); 1057 // 69120
3, 4, (7, 1, 1, 1), (0, 0, 0); 35 // 13824
3, 4, (6, 2, 1, 1), (0, 0, 0); 539 // 69120
3, 4, (5, 3, 1, 1), (0, 0, 0); 503 // 34560
3, 4, (4, 4, 1, 1), (0, 0, 0); 607 // 34560
3, 4, (5, 2, 2, 1), (0, 0, 0); 119 // 5760
3, 4, (4, 3, 2, 1), (0, 0, 0); 1121 // 34560
3, 4, (3, 3, 3, 1), (0, 0, 0); 583 // 13824
3, 4, (4, 2, 2, 2), (0, 0, 0); 53 // 1152
3, 4, (3, 3, 2, 2), (0, 0, 0); 205 // 3456
