3, 7, (0, 0, 0, 0, 0, 0, 0), (1, 0, 4); 0 // 1
3, 7, (0, 0, 0, 0, 0, 0, 0), (0, 2, 3); 0 // 1
3, 7, (0, 0, 0, 0, 0, 0, 0), (2, 1, 3); 0 // 1
3, 7, (0, 0, 0, 0, 0, 0, 0), (4, 0, 3); 0 // 1
3, 7, (0, 0, 0, 0, 0, 0, 0), (1, 3, 2); 0 // 1
3, 7, (0, 0, 0, 0, 0, 0, 0), (3, 2, 2); 0 // 1
3, 7, (0, 0, 0, 0, 0, 0, 0), (5, 1, 2); 0 // 1
3, 7, (0, 0, 0, 0, 0, 0, 0), (7, 0, 2); 0 // 1
3, 7, (0, 0, 0, 0, 0, 0, 0), (0, 5, 1); 0 // 1
3, 7, (0, 0, 0, 0, 0, 0, 0), (2, 4, 1); 0 // 1
3, 7, (0, 0, 0, 0, 0, 0, 0), (4, 3, 1); 0 // 1
3, 7, (0, 0, 0, 0, 0, 0, 0), (6, 2, 1); 0 // 1
3, 7, (0, 0, 0, 0, 0, 0, 0), (8, 1, 1); 0 // 1
3, 7, (0, 0, 0, 0, 0, 0, 0), (10, 0, 1); 0 // 1
3, 7, (0, 0, 0, 0, 0, 0, 0), (1, 6, 0); 0 // 1
3, 7, (0, 0, 0, 0, 0, 0, 0), (3, 5, 0); 0 // 1
3, 7, (0, 0, 0, 0, 0, 0, 0), (5, 4, 0); 0 // 1
3, 7, (0, 0, 0, 0, 0, 0, 0), (7, 3, 0); 0 // 1
3, 7, (0, 0, 0, 0, 0, 0, 0), (9, 2, 0); 0 // 1
3, 7, (0, 0, 0, 0, 0, 0, 0), (11, 1, 0); 0 // 1
3, 7, (0, 0, 0, 0, 0, 0, 0), (13, 0, 0); 0 // 1
3, 7, (1, 0, 0, 0, 0, 0, 0), (0, 0, 4); 0 // 1
3, 7, (1, 0, 0, 0, 0, 0, 0), (1, 1, 3); 0 // 1
3, 7, (1, 0, 0, 0, 0, 0, 0), (3, 0, 3); 0 // 1
3, 7, (1, 0, 0, 0, 0, 0, 0), (0, 3, 2); 0 // 1
3, 7, (1, 0, 0, 0, 0, 0, 0), (2, 2, 2); 0 // 1
3, 7, (1, 0, 0, 0, 0, 0, 0), (4, 1, 2); 0 // 1
3, 7, (1, 0, 0, 0, 0, 0, 0), (6, 0, 2); 0 // 1
3, 7, (1, 0, 0, 0, 0, 0, 0), (1, 4, 1); 0 // 1
3, 7, (1, 0, 0, 0, 0, 0, 0), (3, 3, 1); 0 // 1
3, 7, (1, 0, 0, 0, 0, 0, 0), (5, 2, 1); 0 // 1
3, 7, (1, 0, 0, 0, 0, 0, 0), (7, 1, 1); 0 // 1
3, 7, (1, 0, 0, 0, 0, 0, 0), (9, 0, 1); 0 // 1
3, 7, (1, 0, 0, 0, 0, 0, 0), (0, 6, 0); 0 // 1
3, 7, (1, 0, 0, 0, 0, 0, 0), (2, 5, 0); 0 // 1
3, 7, (1, 0, 0, 0, 0, 0, 0), (4, 4, 0); 0 // 1
3, 7, (1, 0, 0, 0, 0, 0, 0), (6, 3, 0); 0 // 1
3, 7, (1, 0, 0, 0, 0, 0, 0), (8, 2, 0); 0 // 1
3, 7, (1, 0, 0, 0, 0, 0, 0), (10, 1, 0); 0 // 1
3, 7, (1, 0, 0, 0, 0, 0, 0), (12, 0, 0); 0 // 1
3, 7, (2, 0, 0, 0, 0, 0, 0), (0, 1, 3); 0 // 1
3, 7, (2, 0, 0, 0, 0, 0, 0), (2, 0, 3); 0 // 1
3, 7, (2, 0, 0, 0, 0, 0, 0), (1, 2, 2); 0 // 1
3, 7, (2, 0, 0, 0, 0, 0, 0), (3, 1, 2); 0 // 1
3, 7, (2, 0, 0, 0, 0, 0, 0), (5, 0, 2); 0 // 1
3, 7, (2, 0, 0, 0, 0, 0, 0), (0, 4, 1); 0 // 1
3, 7, (2, 0, 0, 0, 0, 0, 0), (2, 3, 1); 0 // 1
3, 7, (2, 0, 0, 0, 0, 0, 0), (4, 2, 1); 0 // 1
3, 7, (2, 0, 0, 0, 0, 0, 0), (6, 1, 1); 0 // 1
3, 7, (2, 0, 0, 0, 0, 0, 0), (8, 0, 1); 0 // 1
3, 7, (2, 0, 0, 0, 0, 0, 0), (1, 5, 0); 0 // 1
3, 7, (2, 0, 0, 0, 0, 0, 0), (3, 4, 0); 0 // 1
3, 7, (2, 0, 0, 0, 0, 0, 0), (5, 3, 0); 0 // 1
3, 7, (2, 0, 0, 0, 0, 0, 0), (7, 2, 0); 0 // 1
3, 7, (2, 0, 0, 0, 0, 0, 0), (9, 1, 0); 0 // 1
3, 7, (2, 0, 0, 0, 0, 0, 0), (11, 0, 0); 0 // 1
3, 7, (1, 1, 0, 0, 0, 0, 0), (0, 1, 3); 0 // 1
3, 7, (1, 1, 0, 0, 0, 0, 0), (2, 0, 3); 0 // 1
3, 7, (1, 1, 0, 0, 0, 0, 0), (1, 2, 2); 0 // 1
3, 7, (1, 1, 0, 0, 0, 0, 0), (3, 1, 2); 0 // 1
3, 7, (1, 1, 0, 0, 0, 0, 0), (5, 0, 2); 0 // 1
3, 7, (1, 1, 0, 0, 0, 0, 0), (0, 4, 1); 0 // 1
3, 7, (1, 1, 0, 0, 0, 0, 0), (2, 3, 1); 0 // 1
3, 7, (1, 1, 0, 0, 0, 0, 0), (4, 2, 1); 0 // 1
3, 7, (1, 1, 0, 0, 0, 0, 0), (6, 1, 1); 0 // 1
3, 7, (1, 1, 0, 0, 0, 0, 0), (8, 0, 1); 0 // 1
3, 7, (1, 1, 0, 0, 0, 0, 0), (1, 5, 0); 0 // 1
3, 7, (1, 1, 0, 0, 0, 0, 0), (3, 4, 0); 0 // 1
3, 7, (1, 1, 0, 0, 0, 0, 0), (5, 3, 0); 0 // 1
3, 7, (1, 1, 0, 0, 0, 0, 0), (7, 2, 0); 0 // 1
3, 7, (1, 1, 0, 0, 0, 0, 0), (9, 1, 0); 0 // 1
3, 7, (1, 1, 0, 0, 0, 0, 0), (11, 0, 0); 0 // 1
3, 7, (3, 0, 0, 0, 0, 0, 0), (1, 0, 3); 0 // 1
3, 7, (3, 0, 0, 0, 0, 0, 0), (0, 2, 2); 0 // 1
3, 7, (3, 0, 0, 0, 0, 0, 0), (2, 1, 2); 0 // 1
3, 7, (3, 0, 0, 0, 0, 0, 0), (4, 0, 2); 0 // 1
3, 7, (3, 0, 0, 0, 0, 0, 0), (1, 3, 1); 0 // 1
3, 7, (3, 0, 0, 0, 0, 0, 0), (3, 2, 1); 0 // 1
3, 7, (3, 0, 0, 0, 0, 0, 0), (5, 1, 1); 0 // 1
3, 7, (3, 0, 0, 0, 0, 0, 0), (7, 0, 1); 0 // 1
3, 7, (3, 0, 0, 0, 0, 0, 0), (0, 5, 0); 0 // 1
3, 7, (3, 0, 0, 0, 0, 0, 0), (2, 4, 0); 0 // 1
3, 7, (3, 0, 0, 0, 0, 0, 0), (4, 3, 0); 0 // 1
3, 7, (3, 0, 0, 0, 0, 0, 0), (6, 2, 0); 0 // 1
3, 7, (3, 0, 0, 0, 0, 0, 0), (8, 1, 0); 0 // 1
3, 7, (3, 0, 0, 0, 0, 0, 0), (10, 0, 0); 0 // 1
3, 7, (2, 1, 0, 0, 0, 0, 0), (1, 0, 3); 0 // 1
3, 7, (2, 1, 0, 0, 0, 0, 0), (0, 2, 2); 0 // 1
3, 7, (2, 1, 0, 0, 0, 0, 0), (2, 1, 2); 0 // 1
3, 7, (2, 1, 0, 0, 0, 0, 0), (4, 0, 2); 0 // 1
3, 7, (2, 1, 0, 0, 0, 0, 0), (1, 3, 1); 0 // 1
3, 7, (2, 1, 0, 0, 0, 0, 0), (3, 2, 1); 0 // 1
3, 7, (2, 1, 0, 0, 0, 0, 0), (5, 1, 1); 0 // 1
3, 7, (2, 1, 0, 0, 0, 0, 0), (7, 0, 1); 0 // 1
3, 7, (2, 1, 0, 0, 0, 0, 0), (0, 5, 0); 0 // 1
3, 7, (2, 1, 0, 0, 0, 0, 0), (2, 4, 0); 0 // 1
3, 7, (2, 1, 0, 0, 0, 0, 0), (4, 3, 0); 0 // 1
3, 7, (2, 1, 0, 0, 0, 0, 0), (6, 2, 0); 0 // 1
3, 7, (2, 1, 0, 0, 0, 0, 0), (8, 1, 0); 0 // 1
3, 7, (2, 1, 0, 0, 0, 0, 0), (10, 0, 0); 0 // 1
3, 7, (1, 1, 1, 0, 0, 0, 0), (1, 0, 3); 0 // 1
3, 7, (1, 1, 1, 0, 0, 0, 0), (0, 2, 2); 0 // 1
3, 7, (1, 1, 1, 0, 0, 0, 0), (2, 1, 2); 0 // 1
3, 7, (1, 1, 1, 0, 0, 0, 0), (4, 0, 2); 0 // 1
3, 7, (1, 1, 1, 0, 0, 0, 0), (1, 3, 1); 0 // 1
3, 7, (1, 1, 1, 0, 0, 0, 0), (3, 2, 1); 0 // 1
3, 7, (1, 1, 1, 0, 0, 0, 0), (5, 1, 1); 0 // 1
3, 7, (1, 1, 1, 0, 0, 0, 0), (7, 0, 1); 0 // 1
3, 7, (1, 1, 1, 0, 0, 0, 0), (0, 5, 0); 0 // 1
3, 7, (1, 1, 1, 0, 0, 0, 0), (2, 4, 0); 0 // 1
3, 7, (1, 1, 1, 0, 0, 0, 0), (4, 3, 0); 0 // 1
3, 7, (1, 1, 1, 0, 0, 0, 0), (6, 2, 0); 0 // 1
3, 7, (1, 1, 1, 0, 0, 0, 0), (8, 1, 0); 0 // 1
3, 7, (1, 1, 1, 0, 0, 0, 0), (10, 0, 0); 0 // 1
3, 7, (4, 0, 0, 0, 0, 0, 0), (0, 0, 3); 0 // 1
3, 7, (4, 0, 0, 0, 0, 0, 0), (1, 1, 2); 0 // 1
3, 7, (4, 0, 0, 0, 0, 0, 0), (3, 0, 2); 0 // 1
3, 7, (4, 0, 0, 0, 0, 0, 0), (0, 3, 1); 0 // 1
3, 7, (4, 0, 0, 0, 0, 0, 0), (2, 2, 1); 0 // 1
3, 7, (4, 0, 0, 0, 0, 0, 0), (4, 1, 1); 0 // 1
3, 7, (4, 0, 0, 0, 0, 0, 0), (6, 0, 1); 0 // 1
3, 7, (4, 0, 0, 0, 0, 0, 0), (1, 4, 0); 0 // 1
3, 7, (4, 0, 0, 0, 0, 0, 0), (3, 3, 0); 0 // 1
3, 7, (4, 0, 0, 0, 0, 0, 0), (5, 2, 0); 0 // 1
3, 7, (4, 0, 0, 0, 0, 0, 0), (7, 1, 0); 0 // 1
3, 7, (4, 0, 0, 0, 0, 0, 0), (9, 0, 0); 0 // 1
3, 7, (3, 1, 0, 0, 0, 0, 0), (0, 0, 3); 0 // 1
3, 7, (3, 1, 0, 0, 0, 0, 0), (1, 1, 2); 0 // 1
3, 7, (3, 1, 0, 0, 0, 0, 0), (3, 0, 2); 0 // 1
3, 7, (3, 1, 0, 0, 0, 0, 0), (0, 3, 1); 0 // 1
3, 7, (3, 1, 0, 0, 0, 0, 0), (2, 2, 1); 0 // 1
3, 7, (3, 1, 0, 0, 0, 0, 0), (4, 1, 1); 0 // 1
3, 7, (3, 1, 0, 0, 0, 0, 0), (6, 0, 1); 0 // 1
3, 7, (3, 1, 0, 0, 0, 0, 0), (1, 4, 0); 0 // 1
3, 7, (3, 1, 0, 0, 0, 0, 0), (3, 3, 0); 0 // 1
3, 7, (3, 1, 0, 0, 0, 0, 0), (5, 2, 0); 0 // 1
3, 7, (3, 1, 0, 0, 0, 0, 0), (7, 1, 0); 0 // 1
3, 7, (3, 1, 0, 0, 0, 0, 0), (9, 0, 0); 0 // 1
3, 7, (2, 2, 0, 0, 0, 0, 0), (0, 0, 3); 0 // 1
3, 7, (2, 2, 0, 0, 0, 0, 0), (1, 1, 2); 0 // 1
3, 7, (2, 2, 0, 0, 0, 0, 0), (3, 0, 2); 0 // 1
3, 7, (2, 2, 0, 0, 0, 0, 0), (0, 3, 1); 0 // 1
3, 7, (2, 2, 0, 0, 0, 0, 0), (2, 2, 1); 0 // 1
3, 7, (2, 2, 0, 0, 0, 0, 0), (4, 1, 1); 0 // 1
3, 7, (2, 2, 0, 0, 0, 0, 0), (6, 0, 1); 0 // 1
3, 7, (2, 2, 0, 0, 0, 0, 0), (1, 4, 0); 0 // 1
3, 7, (2, 2, 0, 0, 0, 0, 0), (3, 3, 0); 0 // 1
3, 7, (2, 2, 0, 0, 0, 0, 0), (5, 2, 0); 0 // 1
3, 7, (2, 2, 0, 0, 0, 0, 0), (7, 1, 0); 0 // 1
3, 7, (2, 2, 0, 0, 0, 0, 0), (9, 0, 0); 0 // 1
3, 7, (2, 1, 1, 0, 0, 0, 0), (0, 0, 3); 0 // 1
3, 7, (2, 1, 1, 0, 0, 0, 0), (1, 1, 2); 0 // 1
3, 7, (2, 1, 1, 0, 0, 0, 0), (3, 0, 2); 0 // 1
3, 7, (2, 1, 1, 0, 0, 0, 0), (0, 3, 1); 0 // 1
3, 7, (2, 1, 1, 0, 0, 0, 0), (2, 2, 1); 0 // 1
3, 7, (2, 1, 1, 0, 0, 0, 0), (4, 1, 1); 0 // 1
3, 7, (2, 1, 1, 0, 0, 0, 0), (6, 0, 1); 0 // 1
3, 7, (2, 1, 1, 0, 0, 0, 0), (1, 4, 0); 0 // 1
3, 7, (2, 1, 1, 0, 0, 0, 0), (3, 3, 0); 0 // 1
3, 7, (2, 1, 1, 0, 0, 0, 0), (5, 2, 0); 0 // 1
3, 7, (2, 1, 1, 0, 0, 0, 0), (7, 1, 0); 0 // 1
3, 7, (2, 1, 1, 0, 0, 0, 0), (9, 0, 0); 0 // 1
3, 7, (1, 1, 1, 1, 0, 0, 0), (0, 0, 3); 0 // 1
3, 7, (1, 1, 1, 1, 0, 0, 0), (1, 1, 2); 0 // 1
3, 7, (1, 1, 1, 1, 0, 0, 0), (3, 0, 2); 0 // 1
3, 7, (1, 1, 1, 1, 0, 0, 0), (0, 3, 1); 0 // 1
3, 7, (1, 1, 1, 1, 0, 0, 0), (2, 2, 1); 0 // 1
3, 7, (1, 1, 1, 1, 0, 0, 0), (4, 1, 1); 0 // 1
3, 7, (1, 1, 1, 1, 0, 0, 0), (6, 0, 1); 0 // 1
3, 7, (1, 1, 1, 1, 0, 0, 0), (1, 4, 0); 0 // 1
3, 7, (1, 1, 1, 1, 0, 0, 0), (3, 3, 0); 0 // 1
3, 7, (1, 1, 1, 1, 0, 0, 0), (5, 2, 0); 0 // 1
3, 7, (1, 1, 1, 1, 0, 0, 0), (7, 1, 0); 0 // 1
3, 7, (1, 1, 1, 1, 0, 0, 0), (9, 0, 0); 0 // 1
3, 7, (5, 0, 0, 0, 0, 0, 0), (0, 1, 2); 0 // 1
3, 7, (5, 0, 0, 0, 0, 0, 0), (2, 0, 2); 0 // 1
3, 7, (5, 0, 0, 0, 0, 0, 0), (1, 2, 1); 0 // 1
3, 7, (5, 0, 0, 0, 0, 0, 0), (3, 1, 1); 0 // 1
3, 7, (5, 0, 0, 0, 0, 0, 0), (5, 0, 1); 0 // 1
3, 7, (5, 0, 0, 0, 0, 0, 0), (0, 4, 0); 0 // 1
3, 7, (5, 0, 0, 0, 0, 0, 0), (2, 3, 0); 0 // 1
3, 7, (5, 0, 0, 0, 0, 0, 0), (4, 2, 0); 0 // 1
3, 7, (5, 0, 0, 0, 0, 0, 0), (6, 1, 0); 0 // 1
3, 7, (5, 0, 0, 0, 0, 0, 0), (8, 0, 0); 0 // 1
3, 7, (4, 1, 0, 0, 0, 0, 0), (0, 1, 2); 0 // 1
3, 7, (4, 1, 0, 0, 0, 0, 0), (2, 0, 2); 0 // 1
3, 7, (4, 1, 0, 0, 0, 0, 0), (1, 2, 1); 0 // 1
3, 7, (4, 1, 0, 0, 0, 0, 0), (3, 1, 1); 0 // 1
3, 7, (4, 1, 0, 0, 0, 0, 0), (5, 0, 1); 0 // 1
3, 7, (4, 1, 0, 0, 0, 0, 0), (0, 4, 0); 0 // 1
3, 7, (4, 1, 0, 0, 0, 0, 0), (2, 3, 0); 0 // 1
3, 7, (4, 1, 0, 0, 0, 0, 0), (4, 2, 0); 0 // 1
3, 7, (4, 1, 0, 0, 0, 0, 0), (6, 1, 0); 0 // 1
3, 7, (4, 1, 0, 0, 0, 0, 0), (8, 0, 0); 0 // 1
3, 7, (3, 2, 0, 0, 0, 0, 0), (0, 1, 2); 0 // 1
3, 7, (3, 2, 0, 0, 0, 0, 0), (2, 0, 2); 0 // 1
3, 7, (3, 2, 0, 0, 0, 0, 0), (1, 2, 1); 0 // 1
3, 7, (3, 2, 0, 0, 0, 0, 0), (3, 1, 1); 0 // 1
3, 7, (3, 2, 0, 0, 0, 0, 0), (5, 0, 1); 0 // 1
3, 7, (3, 2, 0, 0, 0, 0, 0), (0, 4, 0); 0 // 1
3, 7, (3, 2, 0, 0, 0, 0, 0), (2, 3, 0); 0 // 1
3, 7, (3, 2, 0, 0, 0, 0, 0), (4, 2, 0); 0 // 1
3, 7, (3, 2, 0, 0, 0, 0, 0), (6, 1, 0); 0 // 1
3, 7, (3, 2, 0, 0, 0, 0, 0), (8, 0, 0); 0 // 1
3, 7, (3, 1, 1, 0, 0, 0, 0), (0, 1, 2); 0 // 1
3, 7, (3, 1, 1, 0, 0, 0, 0), (2, 0, 2); 0 // 1
3, 7, (3, 1, 1, 0, 0, 0, 0), (1, 2, 1); 0 // 1
3, 7, (3, 1, 1, 0, 0, 0, 0), (3, 1, 1); 0 // 1
3, 7, (3, 1, 1, 0, 0, 0, 0), (5, 0, 1); 0 // 1
3, 7, (3, 1, 1, 0, 0, 0, 0), (0, 4, 0); 0 // 1
3, 7, (3, 1, 1, 0, 0, 0, 0), (2, 3, 0); 0 // 1
3, 7, (3, 1, 1, 0, 0, 0, 0), (4, 2, 0); 0 // 1
3, 7, (3, 1, 1, 0, 0, 0, 0), (6, 1, 0); 0 // 1
3, 7, (3, 1, 1, 0, 0, 0, 0), (8, 0, 0); 0 // 1
3, 7, (2, 2, 1, 0, 0, 0, 0), (0, 1, 2); 0 // 1
3, 7, (2, 2, 1, 0, 0, 0, 0), (2, 0, 2); 0 // 1
3, 7, (2, 2, 1, 0, 0, 0, 0), (1, 2, 1); 0 // 1
3, 7, (2, 2, 1, 0, 0, 0, 0), (3, 1, 1); 0 // 1
3, 7, (2, 2, 1, 0, 0, 0, 0), (5, 0, 1); 0 // 1
3, 7, (2, 2, 1, 0, 0, 0, 0), (0, 4, 0); 0 // 1
3, 7, (2, 2, 1, 0, 0, 0, 0), (2, 3, 0); 0 // 1
3, 7, (2, 2, 1, 0, 0, 0, 0), (4, 2, 0); 0 // 1
3, 7, (2, 2, 1, 0, 0, 0, 0), (6, 1, 0); 0 // 1
3, 7, (2, 2, 1, 0, 0, 0, 0), (8, 0, 0); 0 // 1
3, 7, (2, 1, 1, 1, 0, 0, 0), (0, 1, 2); 0 // 1
3, 7, (2, 1, 1, 1, 0, 0, 0), (2, 0, 2); 0 // 1
3, 7, (2, 1, 1, 1, 0, 0, 0), (1, 2, 1); 0 // 1
3, 7, (2, 1, 1, 1, 0, 0, 0), (3, 1, 1); 0 // 1
3, 7, (2, 1, 1, 1, 0, 0, 0), (5, 0, 1); 0 // 1
3, 7, (2, 1, 1, 1, 0, 0, 0), (0, 4, 0); 0 // 1
3, 7, (2, 1, 1, 1, 0, 0, 0), (2, 3, 0); 0 // 1
3, 7, (2, 1, 1, 1, 0, 0, 0), (4, 2, 0); 0 // 1
3, 7, (2, 1, 1, 1, 0, 0, 0), (6, 1, 0); 0 // 1
3, 7, (2, 1, 1, 1, 0, 0, 0), (8, 0, 0); 0 // 1
3, 7, (1, 1, 1, 1, 1, 0, 0), (0, 1, 2); 0 // 1
3, 7, (1, 1, 1, 1, 1, 0, 0), (2, 0, 2); 0 // 1
3, 7, (1, 1, 1, 1, 1, 0, 0), (1, 2, 1); 0 // 1
3, 7, (1, 1, 1, 1, 1, 0, 0), (3, 1, 1); 0 // 1
3, 7, (1, 1, 1, 1, 1, 0, 0), (5, 0, 1); 0 // 1
3, 7, (1, 1, 1, 1, 1, 0, 0), (0, 4, 0); 0 // 1
3, 7, (1, 1, 1, 1, 1, 0, 0), (2, 3, 0); 0 // 1
3, 7, (1, 1, 1, 1, 1, 0, 0), (4, 2, 0); 0 // 1
3, 7, (1, 1, 1, 1, 1, 0, 0), (6, 1, 0); 0 // 1
3, 7, (1, 1, 1, 1, 1, 0, 0), (8, 0, 0); 0 // 1
3, 7, (6, 0, 0, 0, 0, 0, 0), (1, 0, 2); 0 // 1
3, 7, (6, 0, 0, 0, 0, 0, 0), (0, 2, 1); 0 // 1
3, 7, (6, 0, 0, 0, 0, 0, 0), (2, 1, 1); 0 // 1
3, 7, (6, 0, 0, 0, 0, 0, 0), (4, 0, 1); 0 // 1
3, 7, (6, 0, 0, 0, 0, 0, 0), (1, 3, 0); 0 // 1
3, 7, (6, 0, 0, 0, 0, 0, 0), (3, 2, 0); 0 // 1
3, 7, (6, 0, 0, 0, 0, 0, 0), (5, 1, 0); 0 // 1
3, 7, (6, 0, 0, 0, 0, 0, 0), (7, 0, 0); 0 // 1
3, 7, (5, 1, 0, 0, 0, 0, 0), (1, 0, 2); 0 // 1
3, 7, (5, 1, 0, 0, 0, 0, 0), (0, 2, 1); 0 // 1
3, 7, (5, 1, 0, 0, 0, 0, 0), (2, 1, 1); 0 // 1
3, 7, (5, 1, 0, 0, 0, 0, 0), (4, 0, 1); 0 // 1
3, 7, (5, 1, 0, 0, 0, 0, 0), (1, 3, 0); 0 // 1
3, 7, (5, 1, 0, 0, 0, 0, 0), (3, 2, 0); 0 // 1
3, 7, (5, 1, 0, 0, 0, 0, 0), (5, 1, 0); 0 // 1
3, 7, (5, 1, 0, 0, 0, 0, 0), (7, 0, 0); 0 // 1
3, 7, (4, 2, 0, 0, 0, 0, 0), (1, 0, 2); 0 // 1
3, 7, (4, 2, 0, 0, 0, 0, 0), (0, 2, 1); 0 // 1
3, 7, (4, 2, 0, 0, 0, 0, 0), (2, 1, 1); 0 // 1
3, 7, (4, 2, 0, 0, 0, 0, 0), (4, 0, 1); 0 // 1
3, 7, (4, 2, 0, 0, 0, 0, 0), (1, 3, 0); 0 // 1
3, 7, (4, 2, 0, 0, 0, 0, 0), (3, 2, 0); 0 // 1
3, 7, (4, 2, 0, 0, 0, 0, 0), (5, 1, 0); 0 // 1
3, 7, (4, 2, 0, 0, 0, 0, 0), (7, 0, 0); 0 // 1
3, 7, (3, 3, 0, 0, 0, 0, 0), (1, 0, 2); 0 // 1
3, 7, (3, 3, 0, 0, 0, 0, 0), (0, 2, 1); 0 // 1
3, 7, (3, 3, 0, 0, 0, 0, 0), (2, 1, 1); 0 // 1
3, 7, (3, 3, 0, 0, 0, 0, 0), (4, 0, 1); 0 // 1
3, 7, (3, 3, 0, 0, 0, 0, 0), (1, 3, 0); 0 // 1
3, 7, (3, 3, 0, 0, 0, 0, 0), (3, 2, 0); 0 // 1
3, 7, (3, 3, 0, 0, 0, 0, 0), (5, 1, 0); 0 // 1
3, 7, (3, 3, 0, 0, 0, 0, 0), (7, 0, 0); 0 // 1
3, 7, (4, 1, 1, 0, 0, 0, 0), (1, 0, 2); 0 // 1
3, 7, (4, 1, 1, 0, 0, 0, 0), (0, 2, 1); 0 // 1
3, 7, (4, 1, 1, 0, 0, 0, 0), (2, 1, 1); 0 // 1
3, 7, (4, 1, 1, 0, 0, 0, 0), (4, 0, 1); 0 // 1
3, 7, (4, 1, 1, 0, 0, 0, 0), (1, 3, 0); 0 // 1
3, 7, (4, 1, 1, 0, 0, 0, 0), (3, 2, 0); 0 // 1
3, 7, (4, 1, 1, 0, 0, 0, 0), (5, 1, 0); 0 // 1
3, 7, (4, 1, 1, 0, 0, 0, 0), (7, 0, 0); 0 // 1
3, 7, (3, 2, 1, 0, 0, 0, 0), (1, 0, 2); 0 // 1
3, 7, (3, 2, 1, 0, 0, 0, 0), (0, 2, 1); 0 // 1
3, 7, (3, 2, 1, 0, 0, 0, 0), (2, 1, 1); 0 // 1
3, 7, (3, 2, 1, 0, 0, 0, 0), (4, 0, 1); 0 // 1
3, 7, (3, 2, 1, 0, 0, 0, 0), (1, 3, 0); 0 // 1
3, 7, (3, 2, 1, 0, 0, 0, 0), (3, 2, 0); 0 // 1
3, 7, (3, 2, 1, 0, 0, 0, 0), (5, 1, 0); 0 // 1
3, 7, (3, 2, 1, 0, 0, 0, 0), (7, 0, 0); 0 // 1
3, 7, (2, 2, 2, 0, 0, 0, 0), (1, 0, 2); 0 // 1
3, 7, (2, 2, 2, 0, 0, 0, 0), (0, 2, 1); 0 // 1
3, 7, (2, 2, 2, 0, 0, 0, 0), (2, 1, 1); 0 // 1
3, 7, (2, 2, 2, 0, 0, 0, 0), (4, 0, 1); 0 // 1
3, 7, (2, 2, 2, 0, 0, 0, 0), (1, 3, 0); 0 // 1
3, 7, (2, 2, 2, 0, 0, 0, 0), (3, 2, 0); 0 // 1
3, 7, (2, 2, 2, 0, 0, 0, 0), (5, 1, 0); 0 // 1
3, 7, (2, 2, 2, 0, 0, 0, 0), (7, 0, 0); 0 // 1
3, 7, (3, 1, 1, 1, 0, 0, 0), (1, 0, 2); 0 // 1
3, 7, (3, 1, 1, 1, 0, 0, 0), (0, 2, 1); 0 // 1
3, 7, (3, 1, 1, 1, 0, 0, 0), (2, 1, 1); 0 // 1
3, 7, (3, 1, 1, 1, 0, 0, 0), (4, 0, 1); 0 // 1
3, 7, (3, 1, 1, 1, 0, 0, 0), (1, 3, 0); 0 // 1
3, 7, (3, 1, 1, 1, 0, 0, 0), (3, 2, 0); 0 // 1
3, 7, (3, 1, 1, 1, 0, 0, 0), (5, 1, 0); 0 // 1
3, 7, (3, 1, 1, 1, 0, 0, 0), (7, 0, 0); 0 // 1
3, 7, (2, 2, 1, 1, 0, 0, 0), (1, 0, 2); 0 // 1
3, 7, (2, 2, 1, 1, 0, 0, 0), (0, 2, 1); 0 // 1
3, 7, (2, 2, 1, 1, 0, 0, 0), (2, 1, 1); 0 // 1
3, 7, (2, 2, 1, 1, 0, 0, 0), (4, 0, 1); 0 // 1
3, 7, (2, 2, 1, 1, 0, 0, 0), (1, 3, 0); 0 // 1
3, 7, (2, 2, 1, 1, 0, 0, 0), (3, 2, 0); 0 // 1
3, 7, (2, 2, 1, 1, 0, 0, 0), (5, 1, 0); 0 // 1
3, 7, (2, 2, 1, 1, 0, 0, 0), (7, 0, 0); 0 // 1
3, 7, (2, 1, 1, 1, 1, 0, 0), (1, 0, 2); 0 // 1
3, 7, (2, 1, 1, 1, 1, 0, 0), (0, 2, 1); 0 // 1
3, 7, (2, 1, 1, 1, 1, 0, 0), (2, 1, 1); 0 // 1
3, 7, (2, 1, 1, 1, 1, 0, 0), (4, 0, 1); 0 // 1
3, 7, (2, 1, 1, 1, 1, 0, 0), (1, 3, 0); 0 // 1
3, 7, (2, 1, 1, 1, 1, 0, 0), (3, 2, 0); 0 // 1
3, 7, (2, 1, 1, 1, 1, 0, 0), (5, 1, 0); 0 // 1
3, 7, (2, 1, 1, 1, 1, 0, 0), (7, 0, 0); 0 // 1
3, 7, (1, 1, 1, 1, 1, 1, 0), (1, 0, 2); 0 // 1
3, 7, (1, 1, 1, 1, 1, 1, 0), (0, 2, 1); 0 // 1
3, 7, (1, 1, 1, 1, 1, 1, 0), (2, 1, 1); 0 // 1
3, 7, (1, 1, 1, 1, 1, 1, 0), (4, 0, 1); 0 // 1
3, 7, (1, 1, 1, 1, 1, 1, 0), (1, 3, 0); 0 // 1
3, 7, (1, 1, 1, 1, 1, 1, 0), (3, 2, 0); 0 // 1
3, 7, (1, 1, 1, 1, 1, 1, 0), (5, 1, 0); 0 // 1
3, 7, (1, 1, 1, 1, 1, 1, 0), (7, 0, 0); 0 // 1
3, 7, (7, 0, 0, 0, 0, 0, 0), (0, 0, 2); 0 // 1
3, 7, (7, 0, 0, 0, 0, 0, 0), (1, 1, 1); 1 // 362880
3, 7, (7, 0, 0, 0, 0, 0, 0), (3, 0, 1); 1 // 181440
3, 7, (7, 0, 0, 0, 0, 0, 0), (0, 3, 0); 1 // 181440
3, 7, (7, 0, 0, 0, 0, 0, 0), (2, 2, 0); 1 // 90720
3, 7, (7, 0, 0, 0, 0, 0, 0), (4, 1, 0); 1 // 45360
3, 7, (7, 0, 0, 0, 0, 0, 0), (6, 0, 0); 1 // 22680
3, 7, (6, 1, 0, 0, 0, 0, 0), (0, 0, 2); 0 // 1
3, 7, (6, 1, 0, 0, 0, 0, 0), (1, 1, 1); 1 // 36288
3, 7, (6, 1, 0, 0, 0, 0, 0), (3, 0, 1); 1 // 18144
3, 7, (6, 1, 0, 0, 0, 0, 0), (0, 3, 0); 1 // 18144
3, 7, (6, 1, 0, 0, 0, 0, 0), (2, 2, 0); 1 // 9072
3, 7, (6, 1, 0, 0, 0, 0, 0), (4, 1, 0); 1 // 4536
3, 7, (6, 1, 0, 0, 0, 0, 0), (6, 0, 0); 1 // 2268
3, 7, (5, 2, 0, 0, 0, 0, 0), (0, 0, 2); 0 // 1
3, 7, (5, 2, 0, 0, 0, 0, 0), (1, 1, 1); 1 // 10080
3, 7, (5, 2, 0, 0, 0, 0, 0), (3, 0, 1); 1 // 5040
3, 7, (5, 2, 0, 0, 0, 0, 0), (0, 3, 0); 1 // 5040
3, 7, (5, 2, 0, 0, 0, 0, 0), (2, 2, 0); 1 // 2520
3, 7, (5, 2, 0, 0, 0, 0, 0), (4, 1, 0); 1 // 1260
3, 7, (5, 2, 0, 0, 0, 0, 0), (6, 0, 0); 1 // 630
3, 7, (4, 3, 0, 0, 0, 0, 0), (0, 0, 2); 0 // 1
3, 7, (4, 3, 0, 0, 0, 0, 0), (1, 1, 1); 13 // 72576
3, 7, (4, 3, 0, 0, 0, 0, 0), (3, 0, 1); 13 // 36288
3, 7, (4, 3, 0, 0, 0, 0, 0), (0, 3, 0); 13 // 36288
3, 7, (4, 3, 0, 0, 0, 0, 0), (2, 2, 0); 13 // 18144
3, 7, (4, 3, 0, 0, 0, 0, 0), (4, 1, 0); 13 // 9072
3, 7, (4, 3, 0, 0, 0, 0, 0), (6, 0, 0); 13 // 4536
3, 7, (5, 1, 1, 0, 0, 0, 0), (0, 0, 2); 0 // 1
3, 7, (5, 1, 1, 0, 0, 0, 0), (1, 1, 1); 1 // 4032
3, 7, (5, 1, 1, 0, 0, 0, 0), (3, 0, 1); 1 // 2016
3, 7, (5, 1, 1, 0, 0, 0, 0), (0, 3, 0); 1 // 2016
3, 7, (5, 1, 1, 0, 0, 0, 0), (2, 2, 0); 1 // 1008
3, 7, (5, 1, 1, 0, 0, 0, 0), (4, 1, 0); 1 // 504
3, 7, (5, 1, 1, 0, 0, 0, 0), (6, 0, 0); 1 // 252
3, 7, (4, 2, 1, 0, 0, 0, 0), (0, 0, 2); 0 // 1
3, 7, (4, 2, 1, 0, 0, 0, 0), (1, 1, 1); 1 // 1344
3, 7, (4, 2, 1, 0, 0, 0, 0), (3, 0, 1); 1 // 672
3, 7, (4, 2, 1, 0, 0, 0, 0), (0, 3, 0); 1 // 672
3, 7, (4, 2, 1, 0, 0, 0, 0), (2, 2, 0); 1 // 336
3, 7, (4, 2, 1, 0, 0, 0, 0), (4, 1, 0); 1 // 168
3, 7, (4, 2, 1, 0, 0, 0, 0), (6, 0, 0); 1 // 84
3, 7, (3, 3, 1, 0, 0, 0, 0), (0, 0, 2); 0 // 1
3, 7, (3, 3, 1, 0, 0, 0, 0), (1, 1, 1); 19 // 18144
3, 7, (3, 3, 1, 0, 0, 0, 0), (3, 0, 1); 19 // 9072
3, 7, (3, 3, 1, 0, 0, 0, 0), (0, 3, 0); 19 // 9072
3, 7, (3, 3, 1, 0, 0, 0, 0), (2, 2, 0); 19 // 4536
3, 7, (3, 3, 1, 0, 0, 0, 0), (4, 1, 0); 19 // 2268
3, 7, (3, 3, 1, 0, 0, 0, 0), (6, 0, 0); 19 // 1134
3, 7, (3, 2, 2, 0, 0, 0, 0), (0, 0, 2); 0 // 1
3, 7, (3, 2, 2, 0, 0, 0, 0), (1, 1, 1); 1 // 576
3, 7, (3, 2, 2, 0, 0, 0, 0), (3, 0, 1); 1 // 288
3, 7, (3, 2, 2, 0, 0, 0, 0), (0, 3, 0); 1 // 288
3, 7, (3, 2, 2, 0, 0, 0, 0), (2, 2, 0); 1 // 144
3, 7, (3, 2, 2, 0, 0, 0, 0), (4, 1, 0); 1 // 72
3, 7, (3, 2, 2, 0, 0, 0, 0), (6, 0, 0); 1 // 36
3, 7, (4, 1, 1, 1, 0, 0, 0), (0, 0, 2); 0 // 1
3, 7, (4, 1, 1, 1, 0, 0, 0), (1, 1, 1); 1 // 504
3, 7, (4, 1, 1, 1, 0, 0, 0), (3, 0, 1); 1 // 252
3, 7, (4, 1, 1, 1, 0, 0, 0), (0, 3, 0); 1 // 252
3, 7, (4, 1, 1, 1, 0, 0, 0), (2, 2, 0); 1 // 126
3, 7, (4, 1, 1, 1, 0, 0, 0), (4, 1, 0); 1 // 63
3, 7, (4, 1, 1, 1, 0, 0, 0), (6, 0, 0); 2 // 63
3, 7, (3, 2, 1, 1, 0, 0, 0), (0, 0, 2); 0 // 1
3, 7, (3, 2, 1, 1, 0, 0, 0), (1, 1, 1); 19 // 4032
3, 7, (3, 2, 1, 1, 0, 0, 0), (3, 0, 1); 19 // 2016
3, 7, (3, 2, 1, 1, 0, 0, 0), (0, 3, 0); 19 // 2016
3, 7, (3, 2, 1, 1, 0, 0, 0), (2, 2, 0); 19 // 1008
3, 7, (3, 2, 1, 1, 0, 0, 0), (4, 1, 0); 19 // 504
3, 7, (3, 2, 1, 1, 0, 0, 0), (6, 0, 0); 19 // 252
3, 7, (2, 2, 2, 1, 0, 0, 0), (0, 0, 2); 0 // 1
3, 7, (2, 2, 2, 1, 0, 0, 0), (1, 1, 1); 1 // 126
3, 7, (2, 2, 2, 1, 0, 0, 0), (3, 0, 1); 1 // 63
3, 7, (2, 2, 2, 1, 0, 0, 0), (0, 3, 0); 1 // 63
3, 7, (2, 2, 2, 1, 0, 0, 0), (2, 2, 0); 2 // 63
3, 7, (2, 2, 2, 1, 0, 0, 0), (4, 1, 0); 4 // 63
3, 7, (2, 2, 2, 1, 0, 0, 0), (6, 0, 0); 8 // 63
3, 7, (3, 1, 1, 1, 1, 0, 0), (0, 0, 2); 0 // 1
3, 7, (3, 1, 1, 1, 1, 0, 0), (1, 1, 1); 1 // 72
3, 7, (3, 1, 1, 1, 1, 0, 0), (3, 0, 1); 1 // 36
3, 7, (3, 1, 1, 1, 1, 0, 0), (0, 3, 0); 1 // 36
3, 7, (3, 1, 1, 1, 1, 0, 0), (2, 2, 0); 1 // 18
3, 7, (3, 1, 1, 1, 1, 0, 0), (4, 1, 0); 1 // 9
3, 7, (3, 1, 1, 1, 1, 0, 0), (6, 0, 0); 2 // 9
3, 7, (2, 2, 1, 1, 1, 0, 0), (0, 0, 2); 0 // 1
3, 7, (2, 2, 1, 1, 1, 0, 0), (1, 1, 1); 1 // 42
3, 7, (2, 2, 1, 1, 1, 0, 0), (3, 0, 1); 1 // 21
3, 7, (2, 2, 1, 1, 1, 0, 0), (0, 3, 0); 1 // 21
3, 7, (2, 2, 1, 1, 1, 0, 0), (2, 2, 0); 2 // 21
3, 7, (2, 2, 1, 1, 1, 0, 0), (4, 1, 0); 4 // 21
3, 7, (2, 2, 1, 1, 1, 0, 0), (6, 0, 0); 8 // 21
3, 7, (2, 1, 1, 1, 1, 1, 0), (0, 0, 2); 0 // 1
3, 7, (2, 1, 1, 1, 1, 1, 0), (1, 1, 1); 1 // 12
3, 7, (2, 1, 1, 1, 1, 1, 0), (3, 0, 1); 1 // 6
3, 7, (2, 1, 1, 1, 1, 1, 0), (0, 3, 0); 1 // 6
3, 7, (2, 1, 1, 1, 1, 1, 0), (2, 2, 0); 1 // 3
3, 7, (2, 1, 1, 1, 1, 1, 0), (4, 1, 0); 2 // 3
3, 7, (2, 1, 1, 1, 1, 1, 0), (6, 0, 0); 4 // 3
3, 7, (1, 1, 1, 1, 1, 1, 1), (0, 0, 2); 0 // 1
3, 7, (1, 1, 1, 1, 1, 1, 1), (1, 1, 1); 5 // 12
3, 7, (1, 1, 1, 1, 1, 1, 1), (3, 0, 1); 5 // 6
3, 7, (1, 1, 1, 1, 1, 1, 1), (0, 3, 0); 5 // 6
3, 7, (1, 1, 1, 1, 1, 1, 1), (2, 2, 0); 5 // 3
3, 7, (1, 1, 1, 1, 1, 1, 1), (4, 1, 0); 10 // 3
3, 7, (1, 1, 1, 1, 1, 1, 1), (6, 0, 0); 20 // 3
3, 7, (8, 0, 0, 0, 0, 0, 0), (0, 1, 1); 1 // 120960
3, 7, (8, 0, 0, 0, 0, 0, 0), (2, 0, 1); 1 // 60480
3, 7, (8, 0, 0, 0, 0, 0, 0), (1, 2, 0); 1 // 30240
3, 7, (8, 0, 0, 0, 0, 0, 0), (3, 1, 0); 1 // 15120
3, 7, (8, 0, 0, 0, 0, 0, 0), (5, 0, 0); 1 // 7560
3, 7, (7, 1, 0, 0, 0, 0, 0), (0, 1, 1); 1 // 12096
3, 7, (7, 1, 0, 0, 0, 0, 0), (2, 0, 1); 1 // 6048
3, 7, (7, 1, 0, 0, 0, 0, 0), (1, 2, 0); 1 // 3024
3, 7, (7, 1, 0, 0, 0, 0, 0), (3, 1, 0); 1 // 1512
3, 7, (7, 1, 0, 0, 0, 0, 0), (5, 0, 0); 1 // 756
3, 7, (6, 2, 0, 0, 0, 0, 0), (0, 1, 1); 1 // 3024
3, 7, (6, 2, 0, 0, 0, 0, 0), (2, 0, 1); 1 // 1512
3, 7, (6, 2, 0, 0, 0, 0, 0), (1, 2, 0); 1 // 756
3, 7, (6, 2, 0, 0, 0, 0, 0), (3, 1, 0); 1 // 378
3, 7, (6, 2, 0, 0, 0, 0, 0), (5, 0, 0); 1 // 189
3, 7, (5, 3, 0, 0, 0, 0, 0), (0, 1, 1); 43 // 60480
3, 7, (5, 3, 0, 0, 0, 0, 0), (2, 0, 1); 43 // 30240
3, 7, (5, 3, 0, 0, 0, 0, 0), (1, 2, 0); 43 // 15120
3, 7, (5, 3, 0, 0, 0, 0, 0), (3, 1, 0); 43 // 7560
3, 7, (5, 3, 0, 0, 0, 0, 0), (5, 0, 0); 43 // 3780
3, 7, (4, 4, 0, 0, 0, 0, 0), (0, 1, 1); 11 // 12096
3, 7, (4, 4, 0, 0, 0, 0, 0), (2, 0, 1); 11 // 6048
3, 7, (4, 4, 0, 0, 0, 0, 0), (1, 2, 0); 11 // 3024
3, 7, (4, 4, 0, 0, 0, 0, 0), (3, 1, 0); 11 // 1512
3, 7, (4, 4, 0, 0, 0, 0, 0), (5, 0, 0); 11 // 756
3, 7, (6, 1, 1, 0, 0, 0, 0), (0, 1, 1); 1 // 1344
3, 7, (6, 1, 1, 0, 0, 0, 0), (2, 0, 1); 1 // 672
3, 7, (6, 1, 1, 0, 0, 0, 0), (1, 2, 0); 1 // 336
3, 7, (6, 1, 1, 0, 0, 0, 0), (3, 1, 0); 1 // 168
3, 7, (6, 1, 1, 0, 0, 0, 0), (5, 0, 0); 1 // 84
3, 7, (5, 2, 1, 0, 0, 0, 0), (0, 1, 1); 31 // 12096
3, 7, (5, 2, 1, 0, 0, 0, 0), (2, 0, 1); 31 // 6048
3, 7, (5, 2, 1, 0, 0, 0, 0), (1, 2, 0); 31 // 3024
3, 7, (5, 2, 1, 0, 0, 0, 0), (3, 1, 0); 31 // 1512
3, 7, (5, 2, 1, 0, 0, 0, 0), (5, 0, 0); 31 // 756
3, 7, (4, 3, 1, 0, 0, 0, 0), (0, 1, 1); 55 // 12096
3, 7, (4, 3, 1, 0, 0, 0, 0), (2, 0, 1); 55 // 6048
3, 7, (4, 3, 1, 0, 0, 0, 0), (1, 2, 0); 55 // 3024
3, 7, (4, 3, 1, 0, 0, 0, 0), (3, 1, 0); 55 // 1512
3, 7, (4, 3, 1, 0, 0, 0, 0), (5, 0, 0); 55 // 756
3, 7, (4, 2, 2, 0, 0, 0, 0), (0, 1, 1); 11 // 1512
3, 7, (4, 2, 2, 0, 0, 0, 0), (2, 0, 1); 11 // 756
3, 7, (4, 2, 2, 0, 0, 0, 0), (1, 2, 0); 11 // 378
3, 7, (4, 2, 2, 0, 0, 0, 0), (3, 1, 0); 11 // 189
3, 7, (4, 2, 2, 0, 0, 0, 0), (5, 0, 0); 22 // 189
3, 7, (3, 3, 2, 0, 0, 0, 0), (0, 1, 1); 61 // 6048
3, 7, (3, 3, 2, 0, 0, 0, 0), (2, 0, 1); 61 // 3024
3, 7, (3, 3, 2, 0, 0, 0, 0), (1, 2, 0); 61 // 1512
3, 7, (3, 3, 2, 0, 0, 0, 0), (3, 1, 0); 61 // 756
3, 7, (3, 3, 2, 0, 0, 0, 0), (5, 0, 0); 61 // 378
3, 7, (5, 1, 1, 1, 0, 0, 0), (0, 1, 1); 1 // 168
3, 7, (5, 1, 1, 1, 0, 0, 0), (2, 0, 1); 1 // 84
3, 7, (5, 1, 1, 1, 0, 0, 0), (1, 2, 0); 1 // 42
3, 7, (5, 1, 1, 1, 0, 0, 0), (3, 1, 0); 1 // 21
3, 7, (5, 1, 1, 1, 0, 0, 0), (5, 0, 0); 2 // 21
3, 7, (4, 2, 1, 1, 0, 0, 0), (0, 1, 1); 23 // 1344
3, 7, (4, 2, 1, 1, 0, 0, 0), (2, 0, 1); 23 // 672
3, 7, (4, 2, 1, 1, 0, 0, 0), (1, 2, 0); 23 // 336
3, 7, (4, 2, 1, 1, 0, 0, 0), (3, 1, 0); 23 // 168
3, 7, (4, 2, 1, 1, 0, 0, 0), (5, 0, 0); 23 // 84
3, 7, (3, 3, 1, 1, 0, 0, 0), (0, 1, 1); 1 // 42
3, 7, (3, 3, 1, 1, 0, 0, 0), (2, 0, 1); 1 // 21
3, 7, (3, 3, 1, 1, 0, 0, 0), (1, 2, 0); 2 // 21
3, 7, (3, 3, 1, 1, 0, 0, 0), (3, 1, 0); 4 // 21
3, 7, (3, 3, 1, 1, 0, 0, 0), (5, 0, 0); 8 // 21
3, 7, (3, 2, 2, 1, 0, 0, 0), (0, 1, 1); 233 // 6048
3, 7, (3, 2, 2, 1, 0, 0, 0), (2, 0, 1); 233 // 3024
3, 7, (3, 2, 2, 1, 0, 0, 0), (1, 2, 0); 233 // 1512
3, 7, (3, 2, 2, 1, 0, 0, 0), (3, 1, 0); 233 // 756
3, 7, (3, 2, 2, 1, 0, 0, 0), (5, 0, 0); 233 // 378
3, 7, (2, 2, 2, 2, 0, 0, 0), (0, 1, 1); 1 // 16
3, 7, (2, 2, 2, 2, 0, 0, 0), (2, 0, 1); 1 // 8
3, 7, (2, 2, 2, 2, 0, 0, 0), (1, 2, 0); 1 // 4
3, 7, (2, 2, 2, 2, 0, 0, 0), (3, 1, 0); 1 // 2
3, 7, (2, 2, 2, 2, 0, 0, 0), (5, 0, 0); 1 // 1
3, 7, (4, 1, 1, 1, 1, 0, 0), (0, 1, 1); 1 // 24
3, 7, (4, 1, 1, 1, 1, 0, 0), (2, 0, 1); 1 // 12
3, 7, (4, 1, 1, 1, 1, 0, 0), (1, 2, 0); 1 // 6
3, 7, (4, 1, 1, 1, 1, 0, 0), (3, 1, 0); 1 // 3
3, 7, (4, 1, 1, 1, 1, 0, 0), (5, 0, 0); 2 // 3
3, 7, (3, 2, 1, 1, 1, 0, 0), (0, 1, 1); 2 // 21
3, 7, (3, 2, 1, 1, 1, 0, 0), (2, 0, 1); 4 // 21
3, 7, (3, 2, 1, 1, 1, 0, 0), (1, 2, 0); 8 // 21
3, 7, (3, 2, 1, 1, 1, 0, 0), (3, 1, 0); 16 // 21
3, 7, (3, 2, 1, 1, 1, 0, 0), (5, 0, 0); 32 // 21
3, 7, (2, 2, 2, 1, 1, 0, 0), (0, 1, 1); 5 // 32
3, 7, (2, 2, 2, 1, 1, 0, 0), (2, 0, 1); 5 // 16
3, 7, (2, 2, 2, 1, 1, 0, 0), (1, 2, 0); 5 // 8
3, 7, (2, 2, 2, 1, 1, 0, 0), (3, 1, 0); 5 // 4
3, 7, (2, 2, 2, 1, 1, 0, 0), (5, 0, 0); 5 // 2
3, 7, (3, 1, 1, 1, 1, 1, 0), (0, 1, 1); 1 // 4
3, 7, (3, 1, 1, 1, 1, 1, 0), (2, 0, 1); 1 // 2
3, 7, (3, 1, 1, 1, 1, 1, 0), (1, 2, 0); 1 // 1
3, 7, (3, 1, 1, 1, 1, 1, 0), (3, 1, 0); 2 // 1
3, 7, (3, 1, 1, 1, 1, 1, 0), (5, 0, 0); 4 // 1
3, 7, (2, 2, 1, 1, 1, 1, 0), (0, 1, 1); 5 // 12
3, 7, (2, 2, 1, 1, 1, 1, 0), (2, 0, 1); 5 // 6
3, 7, (2, 2, 1, 1, 1, 1, 0), (1, 2, 0); 5 // 3
3, 7, (2, 2, 1, 1, 1, 1, 0), (3, 1, 0); 10 // 3
3, 7, (2, 2, 1, 1, 1, 1, 0), (5, 0, 0); 20 // 3
3, 7, (2, 1, 1, 1, 1, 1, 1), (0, 1, 1); 5 // 4
3, 7, (2, 1, 1, 1, 1, 1, 1), (2, 0, 1); 5 // 2
3, 7, (2, 1, 1, 1, 1, 1, 1), (1, 2, 0); 5 // 1
3, 7, (2, 1, 1, 1, 1, 1, 1), (3, 1, 0); 10 // 1
3, 7, (2, 1, 1, 1, 1, 1, 1), (5, 0, 0); 20 // 1
3, 7, (9, 0, 0, 0, 0, 0, 0), (1, 0, 1); 41 // 1451520
3, 7, (9, 0, 0, 0, 0, 0, 0), (0, 2, 0); 41 // 725760
3, 7, (9, 0, 0, 0, 0, 0, 0), (2, 1, 0); 41 // 362880
3, 7, (9, 0, 0, 0, 0, 0, 0), (4, 0, 0); 41 // 181440
3, 7, (8, 1, 0, 0, 0, 0, 0), (1, 0, 1); 41 // 145152
3, 7, (8, 1, 0, 0, 0, 0, 0), (0, 2, 0); 41 // 72576
3, 7, (8, 1, 0, 0, 0, 0, 0), (2, 1, 0); 41 // 36288
3, 7, (8, 1, 0, 0, 0, 0, 0), (4, 0, 0); 41 // 18144
3, 7, (7, 2, 0, 0, 0, 0, 0), (1, 0, 1); 83 // 69120
3, 7, (7, 2, 0, 0, 0, 0, 0), (0, 2, 0); 83 // 34560
3, 7, (7, 2, 0, 0, 0, 0, 0), (2, 1, 0); 83 // 17280
3, 7, (7, 2, 0, 0, 0, 0, 0), (4, 0, 0); 83 // 8640
3, 7, (6, 3, 0, 0, 0, 0, 0), (1, 0, 1); 841 // 290304
3, 7, (6, 3, 0, 0, 0, 0, 0), (0, 2, 0); 841 // 145152
3, 7, (6, 3, 0, 0, 0, 0, 0), (2, 1, 0); 841 // 72576
3, 7, (6, 3, 0, 0, 0, 0, 0), (4, 0, 0); 841 // 36288
3, 7, (5, 4, 0, 0, 0, 0, 0), (1, 0, 1); 6401 // 1451520
3, 7, (5, 4, 0, 0, 0, 0, 0), (0, 2, 0); 6401 // 725760
3, 7, (5, 4, 0, 0, 0, 0, 0), (2, 1, 0); 6401 // 362880
3, 7, (5, 4, 0, 0, 0, 0, 0), (4, 0, 0); 6401 // 181440
3, 7, (7, 1, 1, 0, 0, 0, 0), (1, 0, 1); 41 // 16128
3, 7, (7, 1, 1, 0, 0, 0, 0), (0, 2, 0); 41 // 8064
3, 7, (7, 1, 1, 0, 0, 0, 0), (2, 1, 0); 41 // 4032
3, 7, (7, 1, 1, 0, 0, 0, 0), (4, 0, 0); 41 // 2016
3, 7, (6, 2, 1, 0, 0, 0, 0), (1, 0, 1); 229 // 24192
3, 7, (6, 2, 1, 0, 0, 0, 0), (0, 2, 0); 229 // 12096
3, 7, (6, 2, 1, 0, 0, 0, 0), (2, 1, 0); 229 // 6048
3, 7, (6, 2, 1, 0, 0, 0, 0), (4, 0, 0); 229 // 3024
3, 7, (5, 3, 1, 0, 0, 0, 0), (1, 0, 1); 2831 // 145152
3, 7, (5, 3, 1, 0, 0, 0, 0), (0, 2, 0); 2831 // 72576
3, 7, (5, 3, 1, 0, 0, 0, 0), (2, 1, 0); 2831 // 36288
3, 7, (5, 3, 1, 0, 0, 0, 0), (4, 0, 0); 2831 // 18144
3, 7, (4, 4, 1, 0, 0, 0, 0), (1, 0, 1); 85 // 3456
3, 7, (4, 4, 1, 0, 0, 0, 0), (0, 2, 0); 85 // 1728
3, 7, (4, 4, 1, 0, 0, 0, 0), (2, 1, 0); 85 // 864
3, 7, (4, 4, 1, 0, 0, 0, 0), (4, 0, 0); 85 // 432
3, 7, (5, 2, 2, 0, 0, 0, 0), (1, 0, 1); 7283 // 241920
3, 7, (5, 2, 2, 0, 0, 0, 0), (0, 2, 0); 7283 // 120960
3, 7, (5, 2, 2, 0, 0, 0, 0), (2, 1, 0); 7283 // 60480
3, 7, (5, 2, 2, 0, 0, 0, 0), (4, 0, 0); 7283 // 30240
3, 7, (4, 3, 2, 0, 0, 0, 0), (1, 0, 1); 4973 // 96768
3, 7, (4, 3, 2, 0, 0, 0, 0), (0, 2, 0); 4973 // 48384
3, 7, (4, 3, 2, 0, 0, 0, 0), (2, 1, 0); 4973 // 24192
3, 7, (4, 3, 2, 0, 0, 0, 0), (4, 0, 0); 4973 // 12096
3, 7, (3, 3, 3, 0, 0, 0, 0), (1, 0, 1); 187 // 2688
3, 7, (3, 3, 3, 0, 0, 0, 0), (0, 2, 0); 187 // 1344
3, 7, (3, 3, 3, 0, 0, 0, 0), (2, 1, 0); 187 // 672
3, 7, (3, 3, 3, 0, 0, 0, 0), (4, 0, 0); 187 // 336
3, 7, (6, 1, 1, 1, 0, 0, 0), (1, 0, 1); 41 // 2016
3, 7, (6, 1, 1, 1, 0, 0, 0), (0, 2, 0); 41 // 1008
3, 7, (6, 1, 1, 1, 0, 0, 0), (2, 1, 0); 41 // 504
3, 7, (6, 1, 1, 1, 0, 0, 0), (4, 0, 0); 41 // 252
3, 7, (5, 2, 1, 1, 0, 0, 0), (1, 0, 1); 523 // 8064
3, 7, (5, 2, 1, 1, 0, 0, 0), (0, 2, 0); 523 // 4032
3, 7, (5, 2, 1, 1, 0, 0, 0), (2, 1, 0); 523 // 2016
3, 7, (5, 2, 1, 1, 0, 0, 0), (4, 0, 0); 523 // 1008
3, 7, (4, 3, 1, 1, 0, 0, 0), (1, 0, 1); 85 // 768
3, 7, (4, 3, 1, 1, 0, 0, 0), (0, 2, 0); 85 // 384
3, 7, (4, 3, 1, 1, 0, 0, 0), (2, 1, 0); 85 // 192
3, 7, (4, 3, 1, 1, 0, 0, 0), (4, 0, 0); 85 // 96
3, 7, (4, 2, 2, 1, 0, 0, 0), (1, 0, 1); 4145 // 24192
3, 7, (4, 2, 2, 1, 0, 0, 0), (0, 2, 0); 4145 // 12096
3, 7, (4, 2, 2, 1, 0, 0, 0), (2, 1, 0); 4145 // 6048
3, 7, (4, 2, 2, 1, 0, 0, 0), (4, 0, 0); 4145 // 3024
3, 7, (3, 3, 2, 1, 0, 0, 0), (1, 0, 1); 935 // 4032
3, 7, (3, 3, 2, 1, 0, 0, 0), (0, 2, 0); 935 // 2016
3, 7, (3, 3, 2, 1, 0, 0, 0), (2, 1, 0); 935 // 1008
3, 7, (3, 3, 2, 1, 0, 0, 0), (4, 0, 0); 935 // 504
3, 7, (3, 2, 2, 2, 0, 0, 0), (1, 0, 1); 827 // 2304
3, 7, (3, 2, 2, 2, 0, 0, 0), (0, 2, 0); 827 // 1152
3, 7, (3, 2, 2, 2, 0, 0, 0), (2, 1, 0); 827 // 576
3, 7, (3, 2, 2, 2, 0, 0, 0), (4, 0, 0); 827 // 288
3, 7, (5, 1, 1, 1, 1, 0, 0), (1, 0, 1); 41 // 288
3, 7, (5, 1, 1, 1, 1, 0, 0), (0, 2, 0); 41 // 144
3, 7, (5, 1, 1, 1, 1, 0, 0), (2, 1, 0); 41 // 72
3, 7, (5, 1, 1, 1, 1, 0, 0), (4, 0, 0); 41 // 36
3, 7, (4, 2, 1, 1, 1, 0, 0), (1, 0, 1); 253 // 672
3, 7, (4, 2, 1, 1, 1, 0, 0), (0, 2, 0); 253 // 336
3, 7, (4, 2, 1, 1, 1, 0, 0), (2, 1, 0); 253 // 168
3, 7, (4, 2, 1, 1, 1, 0, 0), (4, 0, 0); 253 // 84
3, 7, (3, 3, 1, 1, 1, 0, 0), (1, 0, 1); 57 // 112
3, 7, (3, 3, 1, 1, 1, 0, 0), (0, 2, 0); 57 // 56
3, 7, (3, 3, 1, 1, 1, 0, 0), (2, 1, 0); 57 // 28
3, 7, (3, 3, 1, 1, 1, 0, 0), (4, 0, 0); 57 // 14
3, 7, (3, 2, 2, 1, 1, 0, 0), (1, 0, 1); 101 // 128
3, 7, (3, 2, 2, 1, 1, 0, 0), (0, 2, 0); 101 // 64
3, 7, (3, 2, 2, 1, 1, 0, 0), (2, 1, 0); 101 // 32
3, 7, (3, 2, 2, 1, 1, 0, 0), (4, 0, 0); 101 // 16
3, 7, (2, 2, 2, 2, 1, 0, 0), (1, 0, 1); 11 // 9
3, 7, (2, 2, 2, 2, 1, 0, 0), (0, 2, 0); 22 // 9
3, 7, (2, 2, 2, 2, 1, 0, 0), (2, 1, 0); 44 // 9
3, 7, (2, 2, 2, 2, 1, 0, 0), (4, 0, 0); 88 // 9
3, 7, (4, 1, 1, 1, 1, 1, 0), (1, 0, 1); 41 // 48
3, 7, (4, 1, 1, 1, 1, 1, 0), (0, 2, 0); 41 // 24
3, 7, (4, 1, 1, 1, 1, 1, 0), (2, 1, 0); 41 // 12
3, 7, (4, 1, 1, 1, 1, 1, 0), (4, 0, 0); 41 // 6
3, 7, (3, 2, 1, 1, 1, 1, 0), (1, 0, 1); 57 // 32
3, 7, (3, 2, 1, 1, 1, 1, 0), (0, 2, 0); 57 // 16
3, 7, (3, 2, 1, 1, 1, 1, 0), (2, 1, 0); 57 // 8
3, 7, (3, 2, 1, 1, 1, 1, 0), (4, 0, 0); 57 // 4
3, 7, (2, 2, 2, 1, 1, 1, 0), (1, 0, 1); 11 // 4
3, 7, (2, 2, 2, 1, 1, 1, 0), (0, 2, 0); 11 // 2
3, 7, (2, 2, 2, 1, 1, 1, 0), (2, 1, 0); 11 // 1
3, 7, (2, 2, 2, 1, 1, 1, 0), (4, 0, 0); 22 // 1
3, 7, (3, 1, 1, 1, 1, 1, 1), (1, 0, 1); 205 // 48
3, 7, (3, 1, 1, 1, 1, 1, 1), (0, 2, 0); 205 // 24
3, 7, (3, 1, 1, 1, 1, 1, 1), (2, 1, 0); 205 // 12
3, 7, (3, 1, 1, 1, 1, 1, 1), (4, 0, 0); 205 // 6
3, 7, (2, 2, 1, 1, 1, 1, 1), (1, 0, 1); 77 // 12
3, 7, (2, 2, 1, 1, 1, 1, 1), (0, 2, 0); 77 // 6
3, 7, (2, 2, 1, 1, 1, 1, 1), (2, 1, 0); 77 // 3
3, 7, (2, 2, 1, 1, 1, 1, 1), (4, 0, 0); 154 // 3
3, 7, (10, 0, 0, 0, 0, 0, 0), (0, 0, 1); 31 // 967680
3, 7, (10, 0, 0, 0, 0, 0, 0), (1, 1, 0); 23 // 193536
3, 7, (10, 0, 0, 0, 0, 0, 0), (3, 0, 0); 23 // 96768
3, 7, (9, 1, 0, 0, 0, 0, 0), (0, 0, 1); 31 // 96768
3, 7, (9, 1, 0, 0, 0, 0, 0), (1, 1, 0); 115 // 96768
3, 7, (9, 1, 0, 0, 0, 0, 0), (3, 0, 0); 115 // 48384
3, 7, (8, 2, 0, 0, 0, 0, 0), (0, 0, 1); 31 // 21504
3, 7, (8, 2, 0, 0, 0, 0, 0), (1, 1, 0); 5137 // 967680
3, 7, (8, 2, 0, 0, 0, 0, 0), (3, 0, 0); 5137 // 483840
3, 7, (7, 3, 0, 0, 0, 0, 0), (0, 0, 1); 31 // 8064
3, 7, (7, 3, 0, 0, 0, 0, 0), (1, 1, 0); 377 // 26880
3, 7, (7, 3, 0, 0, 0, 0, 0), (3, 0, 0); 377 // 13440
3, 7, (6, 4, 0, 0, 0, 0, 0), (0, 0, 1); 31 // 4608
3, 7, (6, 4, 0, 0, 0, 0, 0), (1, 1, 0); 131 // 5376
3, 7, (6, 4, 0, 0, 0, 0, 0), (3, 0, 0); 131 // 2688
3, 7, (5, 5, 0, 0, 0, 0, 0), (0, 0, 1); 31 // 3840
3, 7, (5, 5, 0, 0, 0, 0, 0), (1, 1, 0); 1411 // 48384
3, 7, (5, 5, 0, 0, 0, 0, 0), (3, 0, 0); 1411 // 24192
3, 7, (8, 1, 1, 0, 0, 0, 0), (0, 0, 1); 31 // 10752
3, 7, (8, 1, 1, 0, 0, 0, 0), (1, 1, 0); 115 // 10752
3, 7, (8, 1, 1, 0, 0, 0, 0), (3, 0, 0); 115 // 5376
3, 7, (7, 2, 1, 0, 0, 0, 0), (0, 0, 1); 31 // 2688
3, 7, (7, 2, 1, 0, 0, 0, 0), (1, 1, 0); 293 // 6912
3, 7, (7, 2, 1, 0, 0, 0, 0), (3, 0, 0); 293 // 3456
3, 7, (6, 3, 1, 0, 0, 0, 0), (0, 0, 1); 31 // 1152
3, 7, (6, 3, 1, 0, 0, 0, 0), (1, 1, 0); 4735 // 48384
3, 7, (6, 3, 1, 0, 0, 0, 0), (3, 0, 0); 4735 // 24192
3, 7, (5, 4, 1, 0, 0, 0, 0), (0, 0, 1); 31 // 768
3, 7, (5, 4, 1, 0, 0, 0, 0), (1, 1, 0); 7055 // 48384
3, 7, (5, 4, 1, 0, 0, 0, 0), (3, 0, 0); 7055 // 24192
3, 7, (6, 2, 2, 0, 0, 0, 0), (0, 0, 1); 31 // 768
3, 7, (6, 2, 2, 0, 0, 0, 0), (1, 1, 0); 8881 // 60480
3, 7, (6, 2, 2, 0, 0, 0, 0), (3, 0, 0); 8881 // 30240
3, 7, (5, 3, 2, 0, 0, 0, 0), (0, 0, 1); 31 // 384
3, 7, (5, 3, 2, 0, 0, 0, 0), (1, 1, 0); 70349 // 241920
3, 7, (5, 3, 2, 0, 0, 0, 0), (3, 0, 0); 70349 // 120960
3, 7, (4, 4, 2, 0, 0, 0, 0), (0, 0, 1); 155 // 1536
3, 7, (4, 4, 2, 0, 0, 0, 0), (1, 1, 0); 175183 // 483840
3, 7, (4, 4, 2, 0, 0, 0, 0), (3, 0, 0); 175183 // 241920
3, 7, (4, 3, 3, 0, 0, 0, 0), (0, 0, 1); 155 // 1152
3, 7, (4, 3, 3, 0, 0, 0, 0), (1, 1, 0); 116423 // 241920
3, 7, (4, 3, 3, 0, 0, 0, 0), (3, 0, 0); 116423 // 120960
3, 7, (7, 1, 1, 1, 0, 0, 0), (0, 0, 1); 31 // 1344
3, 7, (7, 1, 1, 1, 0, 0, 0), (1, 1, 0); 115 // 1344
3, 7, (7, 1, 1, 1, 0, 0, 0), (3, 0, 0); 115 // 672
3, 7, (6, 2, 1, 1, 0, 0, 0), (0, 0, 1); 31 // 384
3, 7, (6, 2, 1, 1, 0, 0, 0), (1, 1, 0); 1591 // 5376
3, 7, (6, 2, 1, 1, 0, 0, 0), (3, 0, 0); 1591 // 2688
3, 7, (5, 3, 1, 1, 0, 0, 0), (0, 0, 1); 31 // 192
3, 7, (5, 3, 1, 1, 0, 0, 0), (1, 1, 0); 131 // 224
3, 7, (5, 3, 1, 1, 0, 0, 0), (3, 0, 0); 131 // 112
3, 7, (4, 4, 1, 1, 0, 0, 0), (0, 0, 1); 155 // 768
3, 7, (4, 4, 1, 1, 0, 0, 0), (1, 1, 0); 3911 // 5376
3, 7, (4, 4, 1, 1, 0, 0, 0), (3, 0, 0); 3911 // 2688
3, 7, (5, 2, 2, 1, 0, 0, 0), (0, 0, 1); 31 // 128
3, 7, (5, 2, 2, 1, 0, 0, 0), (1, 1, 0); 21205 // 24192
3, 7, (5, 2, 2, 1, 0, 0, 0), (3, 0, 0); 21205 // 12096
3, 7, (4, 3, 2, 1, 0, 0, 0), (0, 0, 1); 155 // 384
3, 7, (4, 3, 2, 1, 0, 0, 0), (1, 1, 0); 8749 // 6048
3, 7, (4, 3, 2, 1, 0, 0, 0), (3, 0, 0); 8749 // 3024
3, 7, (3, 3, 3, 1, 0, 0, 0), (0, 0, 1); 155 // 288
3, 7, (3, 3, 3, 1, 0, 0, 0), (1, 1, 0); 737 // 384
3, 7, (3, 3, 3, 1, 0, 0, 0), (3, 0, 0); 737 // 192
3, 7, (4, 2, 2, 2, 0, 0, 0), (0, 0, 1); 155 // 256
3, 7, (4, 2, 2, 2, 0, 0, 0), (1, 1, 0); 74803 // 34560
3, 7, (4, 2, 2, 2, 0, 0, 0), (3, 0, 0); 74803 // 17280
3, 7, (3, 3, 2, 2, 0, 0, 0), (0, 0, 1); 155 // 192
3, 7, (3, 3, 2, 2, 0, 0, 0), (1, 1, 0); 9917 // 3456
3, 7, (3, 3, 2, 2, 0, 0, 0), (3, 0, 0); 9917 // 1728
3, 7, (6, 1, 1, 1, 1, 0, 0), (0, 0, 1); 31 // 192
3, 7, (6, 1, 1, 1, 1, 0, 0), (1, 1, 0); 115 // 192
3, 7, (6, 1, 1, 1, 1, 0, 0), (3, 0, 0); 115 // 96
3, 7, (5, 2, 1, 1, 1, 0, 0), (0, 0, 1); 31 // 64
3, 7, (5, 2, 1, 1, 1, 0, 0), (1, 1, 0); 2377 // 1344
3, 7, (5, 2, 1, 1, 1, 0, 0), (3, 0, 0); 2377 // 672
3, 7, (4, 3, 1, 1, 1, 0, 0), (0, 0, 1); 155 // 192
3, 7, (4, 3, 1, 1, 1, 0, 0), (1, 1, 0); 3911 // 1344
3, 7, (4, 3, 1, 1, 1, 0, 0), (3, 0, 0); 3911 // 672
3, 7, (4, 2, 2, 1, 1, 0, 0), (0, 0, 1); 155 // 128
3, 7, (4, 2, 2, 1, 1, 0, 0), (1, 1, 0); 557 // 128
3, 7, (4, 2, 2, 1, 1, 0, 0), (3, 0, 0); 557 // 64
3, 7, (3, 3, 2, 1, 1, 0, 0), (0, 0, 1); 155 // 96
3, 7, (3, 3, 2, 1, 1, 0, 0), (1, 1, 0); 737 // 128
3, 7, (3, 3, 2, 1, 1, 0, 0), (3, 0, 0); 737 // 64
3, 7, (3, 2, 2, 2, 1, 0, 0), (0, 0, 1); 155 // 64
3, 7, (3, 2, 2, 2, 1, 0, 0), (1, 1, 0); 14843 // 1728
3, 7, (3, 2, 2, 2, 1, 0, 0), (3, 0, 0); 14843 // 864
3, 7, (2, 2, 2, 2, 2, 0, 0), (0, 0, 1); 465 // 128
3, 7, (2, 2, 2, 2, 2, 0, 0), (1, 1, 0); 4913 // 384
3, 7, (2, 2, 2, 2, 2, 0, 0), (3, 0, 0); 4913 // 192
3, 7, (5, 1, 1, 1, 1, 1, 0), (0, 0, 1); 31 // 32
3, 7, (5, 1, 1, 1, 1, 1, 0), (1, 1, 0); 115 // 32
3, 7, (5, 1, 1, 1, 1, 1, 0), (3, 0, 0); 115 // 16
3, 7, (4, 2, 1, 1, 1, 1, 0), (0, 0, 1); 155 // 64
3, 7, (4, 2, 1, 1, 1, 1, 0), (1, 1, 0); 1687 // 192
3, 7, (4, 2, 1, 1, 1, 1, 0), (3, 0, 0); 1687 // 96
3, 7, (3, 3, 1, 1, 1, 1, 0), (0, 0, 1); 155 // 48
3, 7, (3, 3, 1, 1, 1, 1, 0), (1, 1, 0); 139 // 12
3, 7, (3, 3, 1, 1, 1, 1, 0), (3, 0, 0); 139 // 6
3, 7, (3, 2, 2, 1, 1, 1, 0), (0, 0, 1); 155 // 32
3, 7, (3, 2, 2, 1, 1, 1, 0), (1, 1, 0); 1655 // 96
3, 7, (3, 2, 2, 1, 1, 1, 0), (3, 0, 0); 1655 // 48
3, 7, (2, 2, 2, 2, 1, 1, 0), (0, 0, 1); 465 // 64
3, 7, (2, 2, 2, 2, 1, 1, 0), (1, 1, 0); 4913 // 192
3, 7, (2, 2, 2, 2, 1, 1, 0), (3, 0, 0); 4913 // 96
3, 7, (4, 1, 1, 1, 1, 1, 1), (0, 0, 1); 155 // 32
3, 7, (4, 1, 1, 1, 1, 1, 1), (1, 1, 0); 575 // 32
3, 7, (4, 1, 1, 1, 1, 1, 1), (3, 0, 0); 575 // 16
3, 7, (3, 2, 1, 1, 1, 1, 1), (0, 0, 1); 155 // 16
3, 7, (3, 2, 1, 1, 1, 1, 1), (1, 1, 0); 139 // 4
3, 7, (3, 2, 1, 1, 1, 1, 1), (3, 0, 0); 139 // 2
3, 7, (2, 2, 2, 1, 1, 1, 1), (0, 0, 1); 465 // 32
3, 7, (2, 2, 2, 1, 1, 1, 1), (1, 1, 0); 4913 // 96
3, 7, (2, 2, 2, 1, 1, 1, 1), (3, 0, 0); 4913 // 48
3, 7, (11, 0, 0, 0, 0, 0, 0), (0, 1, 0); 41 // 580608
3, 7, (11, 0, 0, 0, 0, 0, 0), (2, 0, 0); 41 // 290304
3, 7, (10, 1, 0, 0, 0, 0, 0), (0, 1, 0); 205 // 290304
3, 7, (10, 1, 0, 0, 0, 0, 0), (2, 0, 0); 205 // 145152
3, 7, (9, 2, 0, 0, 0, 0, 0), (0, 1, 0); 11 // 3360
3, 7, (9, 2, 0, 0, 0, 0, 0), (2, 0, 0); 11 // 1680
3, 7, (8, 3, 0, 0, 0, 0, 0), (0, 1, 0); 26947 // 2903040
3, 7, (8, 3, 0, 0, 0, 0, 0), (2, 0, 0); 26947 // 1451520
3, 7, (7, 4, 0, 0, 0, 0, 0), (0, 1, 0); 811 // 45360
3, 7, (7, 4, 0, 0, 0, 0, 0), (2, 0, 0); 811 // 22680
3, 7, (6, 5, 0, 0, 0, 0, 0), (0, 1, 0); 2377 // 96768
3, 7, (6, 5, 0, 0, 0, 0, 0), (2, 0, 0); 2377 // 48384
3, 7, (9, 1, 1, 0, 0, 0, 0), (0, 1, 0); 205 // 32256
3, 7, (9, 1, 1, 0, 0, 0, 0), (2, 0, 0); 205 // 16128
3, 7, (8, 2, 1, 0, 0, 0, 0), (0, 1, 0); 851 // 32256
3, 7, (8, 2, 1, 0, 0, 0, 0), (2, 0, 0); 851 // 16128
3, 7, (7, 3, 1, 0, 0, 0, 0), (0, 1, 0); 2411 // 36288
3, 7, (7, 3, 1, 0, 0, 0, 0), (2, 0, 0); 2411 // 18144
3, 7, (6, 4, 1, 0, 0, 0, 0), (0, 1, 0); 151 // 1344
3, 7, (6, 4, 1, 0, 0, 0, 0), (2, 0, 0); 151 // 672
3, 7, (5, 5, 1, 0, 0, 0, 0), (0, 1, 0); 6449 // 48384
3, 7, (5, 5, 1, 0, 0, 0, 0), (2, 0, 0); 6449 // 24192
3, 7, (7, 2, 2, 0, 0, 0, 0), (0, 1, 0); 2353 // 24192
3, 7, (7, 2, 2, 0, 0, 0, 0), (2, 0, 0); 2353 // 12096
3, 7, (6, 3, 2, 0, 0, 0, 0), (0, 1, 0); 10403 // 48384
3, 7, (6, 3, 2, 0, 0, 0, 0), (2, 0, 0); 10403 // 24192
3, 7, (5, 4, 2, 0, 0, 0, 0), (0, 1, 0); 151889 // 483840
3, 7, (5, 4, 2, 0, 0, 0, 0), (2, 0, 0); 151889 // 241920
3, 7, (5, 3, 3, 0, 0, 0, 0), (0, 1, 0); 8273 // 20160
3, 7, (5, 3, 3, 0, 0, 0, 0), (2, 0, 0); 8273 // 10080
3, 7, (4, 4, 3, 0, 0, 0, 0), (0, 1, 0); 48871 // 96768
3, 7, (4, 4, 3, 0, 0, 0, 0), (2, 0, 0); 48871 // 48384
3, 7, (8, 1, 1, 1, 0, 0, 0), (0, 1, 0); 205 // 4032
3, 7, (8, 1, 1, 1, 0, 0, 0), (2, 0, 0); 205 // 2016
3, 7, (7, 2, 1, 1, 0, 0, 0), (0, 1, 0); 6019 // 32256
3, 7, (7, 2, 1, 1, 0, 0, 0), (2, 0, 0); 6019 // 16128
3, 7, (6, 3, 1, 1, 0, 0, 0), (0, 1, 0); 4423 // 10752
3, 7, (6, 3, 1, 1, 0, 0, 0), (2, 0, 0); 4423 // 5376
3, 7, (5, 4, 1, 1, 0, 0, 0), (0, 1, 0); 6449 // 10752
3, 7, (5, 4, 1, 1, 0, 0, 0), (2, 0, 0); 6449 // 5376
3, 7, (6, 2, 2, 1, 0, 0, 0), (0, 1, 0); 29003 // 48384
3, 7, (6, 2, 2, 1, 0, 0, 0), (2, 0, 0); 29003 // 24192
3, 7, (5, 3, 2, 1, 0, 0, 0), (0, 1, 0); 36749 // 32256
3, 7, (5, 3, 2, 1, 0, 0, 0), (2, 0, 0); 36749 // 16128
3, 7, (4, 4, 2, 1, 0, 0, 0), (0, 1, 0); 67745 // 48384
3, 7, (4, 4, 2, 1, 0, 0, 0), (2, 0, 0); 67745 // 24192
3, 7, (4, 3, 3, 1, 0, 0, 0), (0, 1, 0); 4205 // 2304
3, 7, (4, 3, 3, 1, 0, 0, 0), (2, 0, 0); 4205 // 1152
3, 7, (5, 2, 2, 2, 0, 0, 0), (0, 1, 0); 1907 // 1152
3, 7, (5, 2, 2, 2, 0, 0, 0), (2, 0, 0); 1907 // 576
3, 7, (4, 3, 2, 2, 0, 0, 0), (0, 1, 0); 6101 // 2304
3, 7, (4, 3, 2, 2, 0, 0, 0), (2, 0, 0); 6101 // 1152
3, 7, (3, 3, 3, 2, 0, 0, 0), (0, 1, 0); 2647 // 768
3, 7, (3, 3, 3, 2, 0, 0, 0), (2, 0, 0); 2647 // 384
3, 7, (7, 1, 1, 1, 1, 0, 0), (0, 1, 0); 205 // 576
3, 7, (7, 1, 1, 1, 1, 0, 0), (2, 0, 0); 205 // 288
3, 7, (6, 2, 1, 1, 1, 0, 0), (0, 1, 0); 191 // 168
3, 7, (6, 2, 1, 1, 1, 0, 0), (2, 0, 0); 191 // 84
3, 7, (5, 3, 1, 1, 1, 0, 0), (0, 1, 0); 965 // 448
3, 7, (5, 3, 1, 1, 1, 0, 0), (2, 0, 0); 965 // 224
3, 7, (4, 4, 1, 1, 1, 0, 0), (0, 1, 0); 1777 // 672
3, 7, (4, 4, 1, 1, 1, 0, 0), (2, 0, 0); 1777 // 336
3, 7, (5, 2, 2, 1, 1, 0, 0), (0, 1, 0); 799 // 256
3, 7, (5, 2, 2, 1, 1, 0, 0), (2, 0, 0); 799 // 128
3, 7, (4, 3, 2, 1, 1, 0, 0), (0, 1, 0); 2549 // 512
3, 7, (4, 3, 2, 1, 1, 0, 0), (2, 0, 0); 2549 // 256
3, 7, (3, 3, 3, 1, 1, 0, 0), (0, 1, 0); 207 // 32
3, 7, (3, 3, 3, 1, 1, 0, 0), (2, 0, 0); 207 // 16
3, 7, (4, 2, 2, 2, 1, 0, 0), (0, 1, 0); 16567 // 2304
3, 7, (4, 2, 2, 2, 1, 0, 0), (2, 0, 0); 16567 // 1152
3, 7, (3, 3, 2, 2, 1, 0, 0), (0, 1, 0); 10751 // 1152
3, 7, (3, 3, 2, 2, 1, 0, 0), (2, 0, 0); 10751 // 576
3, 7, (3, 2, 2, 2, 2, 0, 0), (0, 1, 0); 5161 // 384
3, 7, (3, 2, 2, 2, 2, 0, 0), (2, 0, 0); 5161 // 192
3, 7, (6, 1, 1, 1, 1, 1, 0), (0, 1, 0); 205 // 96
3, 7, (6, 1, 1, 1, 1, 1, 0), (2, 0, 0); 205 // 48
3, 7, (5, 2, 1, 1, 1, 1, 0), (0, 1, 0); 559 // 96
3, 7, (5, 2, 1, 1, 1, 1, 0), (2, 0, 0); 559 // 48
3, 7, (4, 3, 1, 1, 1, 1, 0), (0, 1, 0); 1777 // 192
3, 7, (4, 3, 1, 1, 1, 1, 0), (2, 0, 0); 1777 // 96
3, 7, (4, 2, 2, 1, 1, 1, 0), (0, 1, 0); 1279 // 96
3, 7, (4, 2, 2, 1, 1, 1, 0), (2, 0, 0); 1279 // 48
3, 7, (3, 3, 2, 1, 1, 1, 0), (0, 1, 0); 69 // 4
3, 7, (3, 3, 2, 1, 1, 1, 0), (2, 0, 0); 69 // 2
3, 7, (3, 2, 2, 2, 1, 1, 0), (0, 1, 0); 6335 // 256
3, 7, (3, 2, 2, 2, 1, 1, 0), (2, 0, 0); 6335 // 128
3, 7, (2, 2, 2, 2, 2, 1, 0), (0, 1, 0); 425 // 12
3, 7, (2, 2, 2, 2, 2, 1, 0), (2, 0, 0); 425 // 6
3, 7, (5, 1, 1, 1, 1, 1, 1), (0, 1, 0); 1025 // 96
3, 7, (5, 1, 1, 1, 1, 1, 1), (2, 0, 0); 1025 // 48
3, 7, (4, 2, 1, 1, 1, 1, 1), (0, 1, 0); 2329 // 96
3, 7, (4, 2, 1, 1, 1, 1, 1), (2, 0, 0); 2329 // 48
3, 7, (3, 3, 1, 1, 1, 1, 1), (0, 1, 0); 1501 // 48
3, 7, (3, 3, 1, 1, 1, 1, 1), (2, 0, 0); 1501 // 24
3, 7, (3, 2, 2, 1, 1, 1, 1), (0, 1, 0); 4295 // 96
3, 7, (3, 2, 2, 1, 1, 1, 1), (2, 0, 0); 4295 // 48
3, 7, (2, 2, 2, 2, 1, 1, 1), (0, 1, 0); 255 // 4
3, 7, (2, 2, 2, 2, 1, 1, 1), (2, 0, 0); 255 // 2
3, 7, (12, 0, 0, 0, 0, 0, 0), (1, 0, 0); 7 // 138240
3, 7, (11, 1, 0, 0, 0, 0, 0), (1, 0, 0); 7 // 13824
3, 7, (10, 2, 0, 0, 0, 0, 0), (1, 0, 0); 787 // 322560
3, 7, (9, 3, 0, 0, 0, 0, 0), (1, 0, 0); 257 // 34560
3, 7, (8, 4, 0, 0, 0, 0, 0), (1, 0, 0); 15311 // 967680
3, 7, (7, 5, 0, 0, 0, 0, 0), (1, 0, 0); 2377 // 96768
3, 7, (6, 6, 0, 0, 0, 0, 0), (1, 0, 0); 2747 // 96768
3, 7, (10, 1, 1, 0, 0, 0, 0), (1, 0, 0); 7 // 1536
3, 7, (9, 2, 1, 0, 0, 0, 0), (1, 0, 0); 5 // 252
3, 7, (8, 3, 1, 0, 0, 0, 0), (1, 0, 0); 1319 // 24192
3, 7, (7, 4, 1, 0, 0, 0, 0), (1, 0, 0); 1115 // 10752
3, 7, (6, 5, 1, 0, 0, 0, 0), (1, 0, 0); 13735 // 96768
3, 7, (8, 2, 2, 0, 0, 0, 0), (1, 0, 0); 37673 // 483840
3, 7, (7, 3, 2, 0, 0, 0, 0), (1, 0, 0); 92549 // 483840
3, 7, (6, 4, 2, 0, 0, 0, 0), (1, 0, 0); 310453 // 967680
3, 7, (5, 5, 2, 0, 0, 0, 0), (1, 0, 0); 13133 // 34560
3, 7, (6, 3, 3, 0, 0, 0, 0), (1, 0, 0); 200509 // 483840
3, 7, (5, 4, 3, 0, 0, 0, 0), (1, 0, 0); 77 // 128
3, 7, (4, 4, 4, 0, 0, 0, 0), (1, 0, 0); 2831 // 3840
3, 7, (9, 1, 1, 1, 0, 0, 0), (1, 0, 0); 7 // 192
3, 7, (8, 2, 1, 1, 0, 0, 0), (1, 0, 0); 191 // 1344
3, 7, (7, 3, 1, 1, 0, 0, 0), (1, 0, 0); 937 // 2688
3, 7, (6, 4, 1, 1, 0, 0, 0), (1, 0, 0); 6287 // 10752
3, 7, (5, 5, 1, 1, 0, 0, 0), (1, 0, 0); 133 // 192
3, 7, (7, 2, 2, 1, 0, 0, 0), (1, 0, 0); 23921 // 48384
3, 7, (6, 3, 2, 1, 0, 0, 0), (1, 0, 0); 8627 // 8064
3, 7, (5, 4, 2, 1, 0, 0, 0), (1, 0, 0); 10739 // 6912
3, 7, (5, 3, 3, 1, 0, 0, 0), (1, 0, 0); 13855 // 6912
3, 7, (4, 4, 3, 1, 0, 0, 0), (1, 0, 0); 2831 // 1152
3, 7, (6, 2, 2, 2, 0, 0, 0), (1, 0, 0); 104713 // 69120
3, 7, (5, 3, 2, 2, 0, 0, 0), (1, 0, 0); 3271 // 1152
3, 7, (4, 4, 2, 2, 0, 0, 0), (1, 0, 0); 60169 // 17280
3, 7, (4, 3, 3, 2, 0, 0, 0), (1, 0, 0); 310639 // 69120
3, 7, (3, 3, 3, 3, 0, 0, 0), (1, 0, 0); 16711 // 2880
3, 7, (8, 1, 1, 1, 1, 0, 0), (1, 0, 0); 49 // 192
3, 7, (7, 2, 1, 1, 1, 0, 0), (1, 0, 0); 395 // 448
3, 7, (6, 3, 1, 1, 1, 0, 0), (1, 0, 0); 2563 // 1344
3, 7, (5, 4, 1, 1, 1, 0, 0), (1, 0, 0); 133 // 48
3, 7, (6, 2, 2, 1, 1, 0, 0), (1, 0, 0); 2063 // 768
3, 7, (5, 3, 2, 1, 1, 0, 0), (1, 0, 0); 1289 // 256
3, 7, (4, 4, 2, 1, 1, 0, 0), (1, 0, 0); 593 // 96
3, 7, (4, 3, 3, 1, 1, 0, 0), (1, 0, 0); 6121 // 768
3, 7, (5, 2, 2, 2, 1, 0, 0), (1, 0, 0); 12253 // 1728
3, 7, (4, 3, 2, 2, 1, 0, 0), (1, 0, 0); 38821 // 3456
3, 7, (3, 3, 3, 2, 1, 0, 0), (1, 0, 0); 16711 // 1152
3, 7, (4, 2, 2, 2, 2, 0, 0), (1, 0, 0); 633 // 40
3, 7, (3, 3, 2, 2, 2, 0, 0), (1, 0, 0); 78521 // 3840
3, 7, (7, 1, 1, 1, 1, 1, 0), (1, 0, 0); 49 // 32
3, 7, (6, 2, 1, 1, 1, 1, 0), (1, 0, 0); 297 // 64
3, 7, (5, 3, 1, 1, 1, 1, 0), (1, 0, 0); 209 // 24
3, 7, (4, 4, 1, 1, 1, 1, 0), (1, 0, 0); 171 // 16
3, 7, (5, 2, 2, 1, 1, 1, 0), (1, 0, 0); 293 // 24
3, 7, (4, 3, 2, 1, 1, 1, 0), (1, 0, 0); 1859 // 96
3, 7, (3, 3, 3, 1, 1, 1, 0), (1, 0, 0); 801 // 32
3, 7, (4, 2, 2, 2, 1, 1, 0), (1, 0, 0); 5221 // 192
3, 7, (3, 3, 2, 2, 1, 1, 0), (1, 0, 0); 13507 // 384
3, 7, (3, 2, 2, 2, 2, 1, 0), (1, 0, 0); 2375 // 48
3, 7, (2, 2, 2, 2, 2, 2, 0), (1, 0, 0); 1115 // 16
3, 7, (6, 1, 1, 1, 1, 1, 1), (1, 0, 0); 245 // 32
3, 7, (5, 2, 1, 1, 1, 1, 1), (1, 0, 0); 323 // 16
3, 7, (4, 3, 1, 1, 1, 1, 1), (1, 0, 0); 513 // 16
3, 7, (4, 2, 2, 1, 1, 1, 1), (1, 0, 0); 541 // 12
3, 7, (3, 3, 2, 1, 1, 1, 1), (1, 0, 0); 1869 // 32
3, 7, (3, 2, 2, 2, 1, 1, 1), (1, 0, 0); 1975 // 24
3, 7, (2, 2, 2, 2, 2, 1, 1), (1, 0, 0); 5575 // 48
3, 7, (13, 0, 0, 0, 0, 0, 0), (0, 0, 0); 1 // 82944
3, 7, (12, 1, 0, 0, 0, 0, 0), (0, 0, 0); 5 // 41472
3, 7, (11, 2, 0, 0, 0, 0, 0), (0, 0, 0); 7 // 11520
3, 7, (10, 3, 0, 0, 0, 0, 0), (0, 0, 0); 5801 // 2903040
3, 7, (9, 4, 0, 0, 0, 0, 0), (0, 0, 0); 1937 // 414720
3, 7, (8, 5, 0, 0, 0, 0, 0), (0, 0, 0); 31 // 3840
3, 7, (7, 6, 0, 0, 0, 0, 0), (0, 0, 0); 1459 // 138240
3, 7, (11, 1, 1, 0, 0, 0, 0), (0, 0, 0); 5 // 4608
3, 7, (10, 2, 1, 0, 0, 0, 0), (0, 0, 0); 23 // 4608
3, 7, (9, 3, 1, 0, 0, 0, 0), (0, 0, 0); 17 // 1134
3, 7, (8, 4, 1, 0, 0, 0, 0), (0, 0, 0); 341 // 10752
3, 7, (7, 5, 1, 0, 0, 0, 0), (0, 0, 0); 527 // 10752
3, 7, (6, 6, 1, 0, 0, 0, 0), (0, 0, 0); 2735 // 48384
3, 7, (9, 2, 2, 0, 0, 0, 0), (0, 0, 0); 161 // 7680
3, 7, (8, 3, 2, 0, 0, 0, 0), (0, 0, 0); 9193 // 161280
3, 7, (7, 4, 2, 0, 0, 0, 0), (0, 0, 0); 5797 // 53760
3, 7, (6, 5, 2, 0, 0, 0, 0), (0, 0, 0); 5927 // 40320
3, 7, (7, 3, 3, 0, 0, 0, 0), (0, 0, 0); 67057 // 483840
3, 7, (6, 4, 3, 0, 0, 0, 0), (0, 0, 0); 223799 // 967680
3, 7, (5, 5, 3, 0, 0, 0, 0), (0, 0, 0); 4409 // 16128
3, 7, (5, 4, 4, 0, 0, 0, 0), (0, 0, 0); 257 // 768
3, 7, (10, 1, 1, 1, 0, 0, 0), (0, 0, 0); 5 // 576
3, 7, (9, 2, 1, 1, 0, 0, 0), (0, 0, 0); 167 // 4608
3, 7, (8, 3, 1, 1, 0, 0, 0), (0, 0, 0); 1061 // 10752
3, 7, (7, 4, 1, 1, 0, 0, 0), (0, 0, 0); 251 // 1344
3, 7, (6, 5, 1, 1, 0, 0, 0), (0, 0, 0); 2735 // 10752
3, 7, (8, 2, 2, 1, 0, 0, 0), (0, 0, 0); 79 // 576
3, 7, (7, 3, 2, 1, 0, 0, 0), (0, 0, 0); 3593 // 10752
3, 7, (6, 4, 2, 1, 0, 0, 0), (0, 0, 0); 5993 // 10752
3, 7, (5, 5, 2, 1, 0, 0, 0), (0, 0, 0); 1327 // 2016
3, 7, (6, 3, 3, 1, 0, 0, 0), (0, 0, 0); 155 // 216
3, 7, (5, 4, 3, 1, 0, 0, 0), (0, 0, 0); 797 // 768
3, 7, (4, 4, 4, 1, 0, 0, 0), (0, 0, 0); 61 // 48
3, 7, (7, 2, 2, 2, 0, 0, 0), (0, 0, 0); 893 // 1920
3, 7, (6, 3, 2, 2, 0, 0, 0), (0, 0, 0); 1535 // 1536
3, 7, (5, 4, 2, 2, 0, 0, 0), (0, 0, 0); 8317 // 5760
3, 7, (5, 3, 3, 2, 0, 0, 0), (0, 0, 0); 5357 // 2880
3, 7, (4, 4, 3, 2, 0, 0, 0), (0, 0, 0); 2913 // 1280
3, 7, (4, 3, 3, 3, 0, 0, 0), (0, 0, 0); 202457 // 69120
3, 7, (9, 1, 1, 1, 1, 0, 0), (0, 0, 0); 35 // 576
3, 7, (8, 2, 1, 1, 1, 0, 0), (0, 0, 0); 11 // 48
3, 7, (7, 3, 1, 1, 1, 0, 0), (0, 0, 0); 251 // 448
3, 7, (6, 4, 1, 1, 1, 0, 0), (0, 0, 0); 1255 // 1344
3, 7, (5, 5, 1, 1, 1, 0, 0), (0, 0, 0); 185 // 168
3, 7, (7, 2, 2, 1, 1, 0, 0), (0, 0, 0); 149 // 192
3, 7, (6, 3, 2, 1, 1, 0, 0), (0, 0, 0); 2567 // 1536
3, 7, (5, 4, 2, 1, 1, 0, 0), (0, 0, 0); 463 // 192
3, 7, (5, 3, 3, 1, 1, 0, 0), (0, 0, 0); 2393 // 768
3, 7, (4, 4, 3, 1, 1, 0, 0), (0, 0, 0); 61 // 16
3, 7, (6, 2, 2, 2, 1, 0, 0), (0, 0, 0); 223 // 96
3, 7, (5, 3, 2, 2, 1, 0, 0), (0, 0, 0); 277 // 64
3, 7, (4, 4, 2, 2, 1, 0, 0), (0, 0, 0); 1523 // 288
3, 7, (4, 3, 3, 2, 1, 0, 0), (0, 0, 0); 15733 // 2304
3, 7, (3, 3, 3, 3, 1, 0, 0), (0, 0, 0); 15215 // 1728
3, 7, (5, 2, 2, 2, 2, 0, 0), (0, 0, 0); 8683 // 1440
3, 7, (4, 3, 2, 2, 2, 0, 0), (0, 0, 0); 6081 // 640
3, 7, (3, 3, 3, 2, 2, 0, 0), (0, 0, 0); 3137 // 256
3, 7, (8, 1, 1, 1, 1, 1, 0), (0, 0, 0); 35 // 96
3, 7, (7, 2, 1, 1, 1, 1, 0), (0, 0, 0); 119 // 96
3, 7, (6, 3, 1, 1, 1, 1, 0), (0, 0, 0); 515 // 192
3, 7, (5, 4, 1, 1, 1, 1, 0), (0, 0, 0); 185 // 48
3, 7, (6, 2, 2, 1, 1, 1, 0), (0, 0, 0); 179 // 48
3, 7, (5, 3, 2, 1, 1, 1, 0), (0, 0, 0); 167 // 24
3, 7, (4, 4, 2, 1, 1, 1, 0), (0, 0, 0); 407 // 48
3, 7, (4, 3, 3, 1, 1, 1, 0), (0, 0, 0); 1057 // 96
3, 7, (5, 2, 2, 2, 1, 1, 0), (0, 0, 0); 311 // 32
3, 7, (4, 3, 2, 2, 1, 1, 0), (0, 0, 0); 2941 // 192
3, 7, (3, 3, 3, 2, 1, 1, 0), (0, 0, 0); 15215 // 768
3, 7, (4, 2, 2, 2, 2, 1, 0), (0, 0, 0); 3085 // 144
3, 7, (3, 3, 2, 2, 2, 1, 0), (0, 0, 0); 995 // 36
3, 7, (3, 2, 2, 2, 2, 2, 0), (0, 0, 0); 11135 // 288
3, 7, (7, 1, 1, 1, 1, 1, 1), (0, 0, 0); 175 // 96
3, 7, (6, 2, 1, 1, 1, 1, 1), (0, 0, 0); 539 // 96
3, 7, (5, 3, 1, 1, 1, 1, 1), (0, 0, 0); 503 // 48
3, 7, (4, 4, 1, 1, 1, 1, 1), (0, 0, 0); 607 // 48
3, 7, (5, 2, 2, 1, 1, 1, 1), (0, 0, 0); 119 // 8
3, 7, (4, 3, 2, 1, 1, 1, 1), (0, 0, 0); 1121 // 48
3, 7, (3, 3, 3, 1, 1, 1, 1), (0, 0, 0); 2915 // 96
3, 7, (4, 2, 2, 2, 1, 1, 1), (0, 0, 0); 265 // 8
3, 7, (3, 3, 2, 2, 1, 1, 1), (0, 0, 0); 1025 // 24
3, 7, (3, 2, 2, 2, 2, 1, 1), (0, 0, 0); 965 // 16
3, 7, (2, 2, 2, 2, 2, 2, 1), (0, 0, 0); 6125 // 72
