5, 3, (0, 0, 0), (0, 0, 0, 0, 3); 0 // 1
5, 3, (0, 0, 0), (1, 0, 0, 1, 2); 0 // 1
5, 3, (0, 0, 0), (0, 1, 1, 0, 2); 0 // 1
5, 3, (0, 0, 0), (2, 0, 1, 0, 2); 0 // 1
5, 3, (0, 0, 0), (1, 2, 0, 0, 2); 0 // 1
5, 3, (0, 0, 0), (3, 1, 0, 0, 2); 0 // 1
5, 3, (0, 0, 0), (5, 0, 0, 0, 2); 0 // 1
5, 3, (0, 0, 0), (0, 1, 0, 2, 1); 0 // 1
5, 3, (0, 0, 0), (2, 0, 0, 2, 1); 0 // 1
5, 3, (0, 0, 0), (0, 0, 2, 1, 1); 0 // 1
5, 3, (0, 0, 0), (1, 1, 1, 1, 1); 0 // 1
5, 3, (0, 0, 0), (3, 0, 1, 1, 1); 0 // 1
5, 3, (0, 0, 0), (0, 3, 0, 1, 1); 0 // 1
5, 3, (0, 0, 0), (2, 2, 0, 1, 1); 0 // 1
5, 3, (0, 0, 0), (4, 1, 0, 1, 1); 0 // 1
5, 3, (0, 0, 0), (6, 0, 0, 1, 1); 0 // 1
5, 3, (0, 0, 0), (1, 0, 3, 0, 1); 0 // 1
5, 3, (0, 0, 0), (0, 2, 2, 0, 1); 0 // 1
5, 3, (0, 0, 0), (2, 1, 2, 0, 1); 0 // 1
5, 3, (0, 0, 0), (4, 0, 2, 0, 1); 0 // 1
5, 3, (0, 0, 0), (1, 3, 1, 0, 1); 0 // 1
5, 3, (0, 0, 0), (3, 2, 1, 0, 1); 0 // 1
5, 3, (0, 0, 0), (5, 1, 1, 0, 1); 0 // 1
5, 3, (0, 0, 0), (7, 0, 1, 0, 1); 0 // 1
5, 3, (0, 0, 0), (0, 5, 0, 0, 1); 0 // 1
5, 3, (0, 0, 0), (2, 4, 0, 0, 1); 0 // 1
5, 3, (0, 0, 0), (4, 3, 0, 0, 1); 0 // 1
5, 3, (0, 0, 0), (6, 2, 0, 0, 1); 0 // 1
5, 3, (0, 0, 0), (8, 1, 0, 0, 1); 0 // 1
5, 3, (0, 0, 0), (10, 0, 0, 0, 1); 0 // 1
5, 3, (0, 0, 0), (0, 0, 1, 3, 0); 0 // 1
5, 3, (0, 0, 0), (1, 1, 0, 3, 0); 0 // 1
5, 3, (0, 0, 0), (3, 0, 0, 3, 0); 0 // 1
5, 3, (0, 0, 0), (1, 0, 2, 2, 0); 0 // 1
5, 3, (0, 0, 0), (0, 2, 1, 2, 0); 0 // 1
5, 3, (0, 0, 0), (2, 1, 1, 2, 0); 0 // 1
5, 3, (0, 0, 0), (4, 0, 1, 2, 0); 0 // 1
5, 3, (0, 0, 0), (1, 3, 0, 2, 0); 0 // 1
5, 3, (0, 0, 0), (3, 2, 0, 2, 0); 0 // 1
5, 3, (0, 0, 0), (5, 1, 0, 2, 0); 0 // 1
5, 3, (0, 0, 0), (7, 0, 0, 2, 0); 0 // 1
5, 3, (0, 0, 0), (0, 1, 3, 1, 0); 0 // 1
5, 3, (0, 0, 0), (2, 0, 3, 1, 0); 0 // 1
5, 3, (0, 0, 0), (1, 2, 2, 1, 0); 0 // 1
5, 3, (0, 0, 0), (3, 1, 2, 1, 0); 0 // 1
5, 3, (0, 0, 0), (5, 0, 2, 1, 0); 0 // 1
5, 3, (0, 0, 0), (0, 4, 1, 1, 0); 0 // 1
5, 3, (0, 0, 0), (2, 3, 1, 1, 0); 0 // 1
5, 3, (0, 0, 0), (4, 2, 1, 1, 0); 0 // 1
5, 3, (0, 0, 0), (6, 1, 1, 1, 0); 0 // 1
5, 3, (0, 0, 0), (8, 0, 1, 1, 0); 0 // 1
5, 3, (0, 0, 0), (1, 5, 0, 1, 0); 0 // 1
5, 3, (0, 0, 0), (3, 4, 0, 1, 0); 0 // 1
5, 3, (0, 0, 0), (5, 3, 0, 1, 0); 0 // 1
5, 3, (0, 0, 0), (7, 2, 0, 1, 0); 0 // 1
5, 3, (0, 0, 0), (9, 1, 0, 1, 0); 0 // 1
5, 3, (0, 0, 0), (11, 0, 0, 1, 0); 0 // 1
5, 3, (0, 0, 0), (0, 0, 5, 0, 0); 0 // 1
5, 3, (0, 0, 0), (1, 1, 4, 0, 0); 0 // 1
5, 3, (0, 0, 0), (3, 0, 4, 0, 0); 0 // 1
5, 3, (0, 0, 0), (0, 3, 3, 0, 0); 0 // 1
5, 3, (0, 0, 0), (2, 2, 3, 0, 0); 0 // 1
5, 3, (0, 0, 0), (4, 1, 3, 0, 0); 0 // 1
5, 3, (0, 0, 0), (6, 0, 3, 0, 0); 0 // 1
5, 3, (0, 0, 0), (1, 4, 2, 0, 0); 0 // 1
5, 3, (0, 0, 0), (3, 3, 2, 0, 0); 0 // 1
5, 3, (0, 0, 0), (5, 2, 2, 0, 0); 0 // 1
5, 3, (0, 0, 0), (7, 1, 2, 0, 0); 0 // 1
5, 3, (0, 0, 0), (9, 0, 2, 0, 0); 0 // 1
5, 3, (0, 0, 0), (0, 6, 1, 0, 0); 0 // 1
5, 3, (0, 0, 0), (2, 5, 1, 0, 0); 0 // 1
5, 3, (0, 0, 0), (4, 4, 1, 0, 0); 0 // 1
5, 3, (0, 0, 0), (6, 3, 1, 0, 0); 0 // 1
5, 3, (0, 0, 0), (8, 2, 1, 0, 0); 0 // 1
5, 3, (0, 0, 0), (10, 1, 1, 0, 0); 0 // 1
5, 3, (0, 0, 0), (12, 0, 1, 0, 0); 0 // 1
5, 3, (0, 0, 0), (1, 7, 0, 0, 0); 0 // 1
5, 3, (0, 0, 0), (3, 6, 0, 0, 0); 0 // 1
5, 3, (0, 0, 0), (5, 5, 0, 0, 0); 0 // 1
5, 3, (0, 0, 0), (7, 4, 0, 0, 0); 0 // 1
5, 3, (0, 0, 0), (9, 3, 0, 0, 0); 0 // 1
5, 3, (0, 0, 0), (11, 2, 0, 0, 0); 0 // 1
5, 3, (0, 0, 0), (13, 1, 0, 0, 0); 0 // 1
5, 3, (0, 0, 0), (15, 0, 0, 0, 0); 0 // 1
5, 3, (1, 0, 0), (0, 0, 0, 1, 2); 0 // 1
5, 3, (1, 0, 0), (1, 0, 1, 0, 2); 0 // 1
5, 3, (1, 0, 0), (0, 2, 0, 0, 2); 0 // 1
5, 3, (1, 0, 0), (2, 1, 0, 0, 2); 0 // 1
5, 3, (1, 0, 0), (4, 0, 0, 0, 2); 0 // 1
5, 3, (1, 0, 0), (1, 0, 0, 2, 1); 0 // 1
5, 3, (1, 0, 0), (0, 1, 1, 1, 1); 0 // 1
5, 3, (1, 0, 0), (2, 0, 1, 1, 1); 0 // 1
5, 3, (1, 0, 0), (1, 2, 0, 1, 1); 0 // 1
5, 3, (1, 0, 0), (3, 1, 0, 1, 1); 0 // 1
5, 3, (1, 0, 0), (5, 0, 0, 1, 1); 0 // 1
5, 3, (1, 0, 0), (0, 0, 3, 0, 1); 0 // 1
5, 3, (1, 0, 0), (1, 1, 2, 0, 1); 0 // 1
5, 3, (1, 0, 0), (3, 0, 2, 0, 1); 0 // 1
5, 3, (1, 0, 0), (0, 3, 1, 0, 1); 0 // 1
5, 3, (1, 0, 0), (2, 2, 1, 0, 1); 0 // 1
5, 3, (1, 0, 0), (4, 1, 1, 0, 1); 0 // 1
5, 3, (1, 0, 0), (6, 0, 1, 0, 1); 0 // 1
5, 3, (1, 0, 0), (1, 4, 0, 0, 1); 0 // 1
5, 3, (1, 0, 0), (3, 3, 0, 0, 1); 0 // 1
5, 3, (1, 0, 0), (5, 2, 0, 0, 1); 0 // 1
5, 3, (1, 0, 0), (7, 1, 0, 0, 1); 0 // 1
5, 3, (1, 0, 0), (9, 0, 0, 0, 1); 0 // 1
5, 3, (1, 0, 0), (0, 1, 0, 3, 0); 0 // 1
5, 3, (1, 0, 0), (2, 0, 0, 3, 0); 0 // 1
5, 3, (1, 0, 0), (0, 0, 2, 2, 0); 0 // 1
5, 3, (1, 0, 0), (1, 1, 1, 2, 0); 0 // 1
5, 3, (1, 0, 0), (3, 0, 1, 2, 0); 0 // 1
5, 3, (1, 0, 0), (0, 3, 0, 2, 0); 0 // 1
5, 3, (1, 0, 0), (2, 2, 0, 2, 0); 0 // 1
5, 3, (1, 0, 0), (4, 1, 0, 2, 0); 0 // 1
5, 3, (1, 0, 0), (6, 0, 0, 2, 0); 0 // 1
5, 3, (1, 0, 0), (1, 0, 3, 1, 0); 0 // 1
5, 3, (1, 0, 0), (0, 2, 2, 1, 0); 0 // 1
5, 3, (1, 0, 0), (2, 1, 2, 1, 0); 0 // 1
5, 3, (1, 0, 0), (4, 0, 2, 1, 0); 0 // 1
5, 3, (1, 0, 0), (1, 3, 1, 1, 0); 0 // 1
5, 3, (1, 0, 0), (3, 2, 1, 1, 0); 0 // 1
5, 3, (1, 0, 0), (5, 1, 1, 1, 0); 0 // 1
5, 3, (1, 0, 0), (7, 0, 1, 1, 0); 0 // 1
5, 3, (1, 0, 0), (0, 5, 0, 1, 0); 0 // 1
5, 3, (1, 0, 0), (2, 4, 0, 1, 0); 0 // 1
5, 3, (1, 0, 0), (4, 3, 0, 1, 0); 0 // 1
5, 3, (1, 0, 0), (6, 2, 0, 1, 0); 0 // 1
5, 3, (1, 0, 0), (8, 1, 0, 1, 0); 0 // 1
5, 3, (1, 0, 0), (10, 0, 0, 1, 0); 0 // 1
5, 3, (1, 0, 0), (0, 1, 4, 0, 0); 0 // 1
5, 3, (1, 0, 0), (2, 0, 4, 0, 0); 0 // 1
5, 3, (1, 0, 0), (1, 2, 3, 0, 0); 0 // 1
5, 3, (1, 0, 0), (3, 1, 3, 0, 0); 0 // 1
5, 3, (1, 0, 0), (5, 0, 3, 0, 0); 0 // 1
5, 3, (1, 0, 0), (0, 4, 2, 0, 0); 0 // 1
5, 3, (1, 0, 0), (2, 3, 2, 0, 0); 0 // 1
5, 3, (1, 0, 0), (4, 2, 2, 0, 0); 0 // 1
5, 3, (1, 0, 0), (6, 1, 2, 0, 0); 0 // 1
5, 3, (1, 0, 0), (8, 0, 2, 0, 0); 0 // 1
5, 3, (1, 0, 0), (1, 5, 1, 0, 0); 0 // 1
5, 3, (1, 0, 0), (3, 4, 1, 0, 0); 0 // 1
5, 3, (1, 0, 0), (5, 3, 1, 0, 0); 0 // 1
5, 3, (1, 0, 0), (7, 2, 1, 0, 0); 0 // 1
5, 3, (1, 0, 0), (9, 1, 1, 0, 0); 0 // 1
5, 3, (1, 0, 0), (11, 0, 1, 0, 0); 0 // 1
5, 3, (1, 0, 0), (0, 7, 0, 0, 0); 0 // 1
5, 3, (1, 0, 0), (2, 6, 0, 0, 0); 0 // 1
5, 3, (1, 0, 0), (4, 5, 0, 0, 0); 0 // 1
5, 3, (1, 0, 0), (6, 4, 0, 0, 0); 0 // 1
5, 3, (1, 0, 0), (8, 3, 0, 0, 0); 0 // 1
5, 3, (1, 0, 0), (10, 2, 0, 0, 0); 0 // 1
5, 3, (1, 0, 0), (12, 1, 0, 0, 0); 0 // 1
5, 3, (1, 0, 0), (14, 0, 0, 0, 0); 0 // 1
5, 3, (2, 0, 0), (0, 0, 1, 0, 2); 0 // 1
5, 3, (2, 0, 0), (1, 1, 0, 0, 2); 0 // 1
5, 3, (2, 0, 0), (3, 0, 0, 0, 2); 0 // 1
5, 3, (2, 0, 0), (0, 0, 0, 2, 1); 0 // 1
5, 3, (2, 0, 0), (1, 0, 1, 1, 1); 0 // 1
5, 3, (2, 0, 0), (0, 2, 0, 1, 1); 0 // 1
5, 3, (2, 0, 0), (2, 1, 0, 1, 1); 0 // 1
5, 3, (2, 0, 0), (4, 0, 0, 1, 1); 0 // 1
5, 3, (2, 0, 0), (0, 1, 2, 0, 1); 0 // 1
5, 3, (2, 0, 0), (2, 0, 2, 0, 1); 0 // 1
5, 3, (2, 0, 0), (1, 2, 1, 0, 1); 0 // 1
5, 3, (2, 0, 0), (3, 1, 1, 0, 1); 0 // 1
5, 3, (2, 0, 0), (5, 0, 1, 0, 1); 0 // 1
5, 3, (2, 0, 0), (0, 4, 0, 0, 1); 0 // 1
5, 3, (2, 0, 0), (2, 3, 0, 0, 1); 0 // 1
5, 3, (2, 0, 0), (4, 2, 0, 0, 1); 0 // 1
5, 3, (2, 0, 0), (6, 1, 0, 0, 1); 0 // 1
5, 3, (2, 0, 0), (8, 0, 0, 0, 1); 0 // 1
5, 3, (2, 0, 0), (1, 0, 0, 3, 0); 0 // 1
5, 3, (2, 0, 0), (0, 1, 1, 2, 0); 0 // 1
5, 3, (2, 0, 0), (2, 0, 1, 2, 0); 0 // 1
5, 3, (2, 0, 0), (1, 2, 0, 2, 0); 0 // 1
5, 3, (2, 0, 0), (3, 1, 0, 2, 0); 0 // 1
5, 3, (2, 0, 0), (5, 0, 0, 2, 0); 0 // 1
5, 3, (2, 0, 0), (0, 0, 3, 1, 0); 0 // 1
5, 3, (2, 0, 0), (1, 1, 2, 1, 0); 0 // 1
5, 3, (2, 0, 0), (3, 0, 2, 1, 0); 0 // 1
5, 3, (2, 0, 0), (0, 3, 1, 1, 0); 0 // 1
5, 3, (2, 0, 0), (2, 2, 1, 1, 0); 0 // 1
5, 3, (2, 0, 0), (4, 1, 1, 1, 0); 0 // 1
5, 3, (2, 0, 0), (6, 0, 1, 1, 0); 0 // 1
5, 3, (2, 0, 0), (1, 4, 0, 1, 0); 0 // 1
5, 3, (2, 0, 0), (3, 3, 0, 1, 0); 0 // 1
5, 3, (2, 0, 0), (5, 2, 0, 1, 0); 0 // 1
5, 3, (2, 0, 0), (7, 1, 0, 1, 0); 0 // 1
5, 3, (2, 0, 0), (9, 0, 0, 1, 0); 0 // 1
5, 3, (2, 0, 0), (1, 0, 4, 0, 0); 0 // 1
5, 3, (2, 0, 0), (0, 2, 3, 0, 0); 0 // 1
5, 3, (2, 0, 0), (2, 1, 3, 0, 0); 0 // 1
5, 3, (2, 0, 0), (4, 0, 3, 0, 0); 0 // 1
5, 3, (2, 0, 0), (1, 3, 2, 0, 0); 0 // 1
5, 3, (2, 0, 0), (3, 2, 2, 0, 0); 0 // 1
5, 3, (2, 0, 0), (5, 1, 2, 0, 0); 0 // 1
5, 3, (2, 0, 0), (7, 0, 2, 0, 0); 0 // 1
5, 3, (2, 0, 0), (0, 5, 1, 0, 0); 0 // 1
5, 3, (2, 0, 0), (2, 4, 1, 0, 0); 0 // 1
5, 3, (2, 0, 0), (4, 3, 1, 0, 0); 0 // 1
5, 3, (2, 0, 0), (6, 2, 1, 0, 0); 0 // 1
5, 3, (2, 0, 0), (8, 1, 1, 0, 0); 0 // 1
5, 3, (2, 0, 0), (10, 0, 1, 0, 0); 0 // 1
5, 3, (2, 0, 0), (1, 6, 0, 0, 0); 0 // 1
5, 3, (2, 0, 0), (3, 5, 0, 0, 0); 0 // 1
5, 3, (2, 0, 0), (5, 4, 0, 0, 0); 0 // 1
5, 3, (2, 0, 0), (7, 3, 0, 0, 0); 0 // 1
5, 3, (2, 0, 0), (9, 2, 0, 0, 0); 0 // 1
5, 3, (2, 0, 0), (11, 1, 0, 0, 0); 0 // 1
5, 3, (2, 0, 0), (13, 0, 0, 0, 0); 0 // 1
5, 3, (1, 1, 0), (0, 0, 1, 0, 2); 0 // 1
5, 3, (1, 1, 0), (1, 1, 0, 0, 2); 0 // 1
5, 3, (1, 1, 0), (3, 0, 0, 0, 2); 0 // 1
5, 3, (1, 1, 0), (0, 0, 0, 2, 1); 0 // 1
5, 3, (1, 1, 0), (1, 0, 1, 1, 1); 0 // 1
5, 3, (1, 1, 0), (0, 2, 0, 1, 1); 0 // 1
5, 3, (1, 1, 0), (2, 1, 0, 1, 1); 0 // 1
5, 3, (1, 1, 0), (4, 0, 0, 1, 1); 0 // 1
5, 3, (1, 1, 0), (0, 1, 2, 0, 1); 0 // 1
5, 3, (1, 1, 0), (2, 0, 2, 0, 1); 0 // 1
5, 3, (1, 1, 0), (1, 2, 1, 0, 1); 0 // 1
5, 3, (1, 1, 0), (3, 1, 1, 0, 1); 0 // 1
5, 3, (1, 1, 0), (5, 0, 1, 0, 1); 0 // 1
5, 3, (1, 1, 0), (0, 4, 0, 0, 1); 0 // 1
5, 3, (1, 1, 0), (2, 3, 0, 0, 1); 0 // 1
5, 3, (1, 1, 0), (4, 2, 0, 0, 1); 0 // 1
5, 3, (1, 1, 0), (6, 1, 0, 0, 1); 0 // 1
5, 3, (1, 1, 0), (8, 0, 0, 0, 1); 0 // 1
5, 3, (1, 1, 0), (1, 0, 0, 3, 0); 0 // 1
5, 3, (1, 1, 0), (0, 1, 1, 2, 0); 0 // 1
5, 3, (1, 1, 0), (2, 0, 1, 2, 0); 0 // 1
5, 3, (1, 1, 0), (1, 2, 0, 2, 0); 0 // 1
5, 3, (1, 1, 0), (3, 1, 0, 2, 0); 0 // 1
5, 3, (1, 1, 0), (5, 0, 0, 2, 0); 0 // 1
5, 3, (1, 1, 0), (0, 0, 3, 1, 0); 0 // 1
5, 3, (1, 1, 0), (1, 1, 2, 1, 0); 0 // 1
5, 3, (1, 1, 0), (3, 0, 2, 1, 0); 0 // 1
5, 3, (1, 1, 0), (0, 3, 1, 1, 0); 0 // 1
5, 3, (1, 1, 0), (2, 2, 1, 1, 0); 0 // 1
5, 3, (1, 1, 0), (4, 1, 1, 1, 0); 0 // 1
5, 3, (1, 1, 0), (6, 0, 1, 1, 0); 0 // 1
5, 3, (1, 1, 0), (1, 4, 0, 1, 0); 0 // 1
5, 3, (1, 1, 0), (3, 3, 0, 1, 0); 0 // 1
5, 3, (1, 1, 0), (5, 2, 0, 1, 0); 0 // 1
5, 3, (1, 1, 0), (7, 1, 0, 1, 0); 0 // 1
5, 3, (1, 1, 0), (9, 0, 0, 1, 0); 0 // 1
5, 3, (1, 1, 0), (1, 0, 4, 0, 0); 0 // 1
5, 3, (1, 1, 0), (0, 2, 3, 0, 0); 0 // 1
5, 3, (1, 1, 0), (2, 1, 3, 0, 0); 0 // 1
5, 3, (1, 1, 0), (4, 0, 3, 0, 0); 0 // 1
5, 3, (1, 1, 0), (1, 3, 2, 0, 0); 0 // 1
5, 3, (1, 1, 0), (3, 2, 2, 0, 0); 0 // 1
5, 3, (1, 1, 0), (5, 1, 2, 0, 0); 0 // 1
5, 3, (1, 1, 0), (7, 0, 2, 0, 0); 0 // 1
5, 3, (1, 1, 0), (0, 5, 1, 0, 0); 0 // 1
5, 3, (1, 1, 0), (2, 4, 1, 0, 0); 0 // 1
5, 3, (1, 1, 0), (4, 3, 1, 0, 0); 0 // 1
5, 3, (1, 1, 0), (6, 2, 1, 0, 0); 0 // 1
5, 3, (1, 1, 0), (8, 1, 1, 0, 0); 0 // 1
5, 3, (1, 1, 0), (10, 0, 1, 0, 0); 0 // 1
5, 3, (1, 1, 0), (1, 6, 0, 0, 0); 0 // 1
5, 3, (1, 1, 0), (3, 5, 0, 0, 0); 0 // 1
5, 3, (1, 1, 0), (5, 4, 0, 0, 0); 0 // 1
5, 3, (1, 1, 0), (7, 3, 0, 0, 0); 0 // 1
5, 3, (1, 1, 0), (9, 2, 0, 0, 0); 0 // 1
5, 3, (1, 1, 0), (11, 1, 0, 0, 0); 0 // 1
5, 3, (1, 1, 0), (13, 0, 0, 0, 0); 0 // 1
5, 3, (3, 0, 0), (0, 1, 0, 0, 2); 0 // 1
5, 3, (3, 0, 0), (2, 0, 0, 0, 2); 0 // 1
5, 3, (3, 0, 0), (0, 0, 1, 1, 1); 1 // 319334400
5, 3, (3, 0, 0), (1, 1, 0, 1, 1); 1 // 95800320
5, 3, (3, 0, 0), (3, 0, 0, 1, 1); 1 // 47900160
5, 3, (3, 0, 0), (1, 0, 2, 0, 1); 1 // 47900160
5, 3, (3, 0, 0), (0, 2, 1, 0, 1); 17 // 479001600
5, 3, (3, 0, 0), (2, 1, 1, 0, 1); 17 // 239500800
5, 3, (3, 0, 0), (4, 0, 1, 0, 1); 17 // 119750400
5, 3, (3, 0, 0), (1, 3, 0, 0, 1); 29 // 239500800
5, 3, (3, 0, 0), (3, 2, 0, 0, 1); 29 // 119750400
5, 3, (3, 0, 0), (5, 1, 0, 0, 1); 29 // 59875200
5, 3, (3, 0, 0), (7, 0, 0, 0, 1); 29 // 29937600
5, 3, (3, 0, 0), (0, 0, 0, 3, 0); 1 // 159667200
5, 3, (3, 0, 0), (1, 0, 1, 2, 0); 1 // 23950080
5, 3, (3, 0, 0), (0, 2, 0, 2, 0); 17 // 239500800
5, 3, (3, 0, 0), (2, 1, 0, 2, 0); 17 // 119750400
5, 3, (3, 0, 0), (4, 0, 0, 2, 0); 17 // 59875200
5, 3, (3, 0, 0), (0, 1, 2, 1, 0); 29 // 239500800
5, 3, (3, 0, 0), (2, 0, 2, 1, 0); 29 // 119750400
5, 3, (3, 0, 0), (1, 2, 1, 1, 0); 1 // 2494800
5, 3, (3, 0, 0), (3, 1, 1, 1, 0); 1 // 1247400
5, 3, (3, 0, 0), (5, 0, 1, 1, 0); 1 // 623700
5, 3, (3, 0, 0), (0, 4, 0, 1, 0); 79 // 119750400
5, 3, (3, 0, 0), (2, 3, 0, 1, 0); 79 // 59875200
5, 3, (3, 0, 0), (4, 2, 0, 1, 0); 79 // 29937600
5, 3, (3, 0, 0), (6, 1, 0, 1, 0); 79 // 14968800
5, 3, (3, 0, 0), (8, 0, 0, 1, 0); 79 // 7484400
5, 3, (3, 0, 0), (0, 0, 4, 0, 0); 1 // 4989600
5, 3, (3, 0, 0), (1, 1, 3, 0, 0); 79 // 119750400
5, 3, (3, 0, 0), (3, 0, 3, 0, 0); 79 // 59875200
5, 3, (3, 0, 0), (0, 3, 2, 0, 0); 43 // 39916800
5, 3, (3, 0, 0), (2, 2, 2, 0, 0); 43 // 19958400
5, 3, (3, 0, 0), (4, 1, 2, 0, 0); 43 // 9979200
5, 3, (3, 0, 0), (6, 0, 2, 0, 0); 43 // 4989600
5, 3, (3, 0, 0), (1, 4, 1, 0, 0); 1 // 285120
5, 3, (3, 0, 0), (3, 3, 1, 0, 0); 1 // 142560
5, 3, (3, 0, 0), (5, 2, 1, 0, 0); 1 // 71280
5, 3, (3, 0, 0), (7, 1, 1, 0, 0); 1 // 35640
5, 3, (3, 0, 0), (9, 0, 1, 0, 0); 1 // 17820
5, 3, (3, 0, 0), (0, 6, 0, 0, 0); 31 // 5443200
5, 3, (3, 0, 0), (2, 5, 0, 0, 0); 31 // 2721600
5, 3, (3, 0, 0), (4, 4, 0, 0, 0); 31 // 1360800
5, 3, (3, 0, 0), (6, 3, 0, 0, 0); 31 // 680400
5, 3, (3, 0, 0), (8, 2, 0, 0, 0); 31 // 340200
5, 3, (3, 0, 0), (10, 1, 0, 0, 0); 31 // 170100
5, 3, (3, 0, 0), (12, 0, 0, 0, 0); 31 // 85050
5, 3, (2, 1, 0), (0, 1, 0, 0, 2); 0 // 1
5, 3, (2, 1, 0), (2, 0, 0, 0, 2); 0 // 1
5, 3, (2, 1, 0), (0, 0, 1, 1, 1); 1 // 31933440
5, 3, (2, 1, 0), (1, 1, 0, 1, 1); 1 // 9580032
5, 3, (2, 1, 0), (3, 0, 0, 1, 1); 1 // 4790016
5, 3, (2, 1, 0), (1, 0, 2, 0, 1); 1 // 4790016
5, 3, (2, 1, 0), (0, 2, 1, 0, 1); 17 // 47900160
5, 3, (2, 1, 0), (2, 1, 1, 0, 1); 17 // 23950080
5, 3, (2, 1, 0), (4, 0, 1, 0, 1); 17 // 11975040
5, 3, (2, 1, 0), (1, 3, 0, 0, 1); 29 // 23950080
5, 3, (2, 1, 0), (3, 2, 0, 0, 1); 29 // 11975040
5, 3, (2, 1, 0), (5, 1, 0, 0, 1); 29 // 5987520
5, 3, (2, 1, 0), (7, 0, 0, 0, 1); 29 // 2993760
5, 3, (2, 1, 0), (0, 0, 0, 3, 0); 1 // 15966720
5, 3, (2, 1, 0), (1, 0, 1, 2, 0); 1 // 2395008
5, 3, (2, 1, 0), (0, 2, 0, 2, 0); 17 // 23950080
5, 3, (2, 1, 0), (2, 1, 0, 2, 0); 17 // 11975040
5, 3, (2, 1, 0), (4, 0, 0, 2, 0); 17 // 5987520
5, 3, (2, 1, 0), (0, 1, 2, 1, 0); 29 // 23950080
5, 3, (2, 1, 0), (2, 0, 2, 1, 0); 29 // 11975040
5, 3, (2, 1, 0), (1, 2, 1, 1, 0); 1 // 249480
5, 3, (2, 1, 0), (3, 1, 1, 1, 0); 1 // 124740
5, 3, (2, 1, 0), (5, 0, 1, 1, 0); 1 // 62370
5, 3, (2, 1, 0), (0, 4, 0, 1, 0); 79 // 11975040
5, 3, (2, 1, 0), (2, 3, 0, 1, 0); 79 // 5987520
5, 3, (2, 1, 0), (4, 2, 0, 1, 0); 79 // 2993760
5, 3, (2, 1, 0), (6, 1, 0, 1, 0); 79 // 1496880
5, 3, (2, 1, 0), (8, 0, 0, 1, 0); 79 // 748440
5, 3, (2, 1, 0), (0, 0, 4, 0, 0); 1 // 498960
5, 3, (2, 1, 0), (1, 1, 3, 0, 0); 79 // 11975040
5, 3, (2, 1, 0), (3, 0, 3, 0, 0); 79 // 5987520
5, 3, (2, 1, 0), (0, 3, 2, 0, 0); 43 // 3991680
5, 3, (2, 1, 0), (2, 2, 2, 0, 0); 43 // 1995840
5, 3, (2, 1, 0), (4, 1, 2, 0, 0); 43 // 997920
5, 3, (2, 1, 0), (6, 0, 2, 0, 0); 43 // 498960
5, 3, (2, 1, 0), (1, 4, 1, 0, 0); 1 // 28512
5, 3, (2, 1, 0), (3, 3, 1, 0, 0); 1 // 14256
5, 3, (2, 1, 0), (5, 2, 1, 0, 0); 1 // 7128
5, 3, (2, 1, 0), (7, 1, 1, 0, 0); 1 // 3564
5, 3, (2, 1, 0), (9, 0, 1, 0, 0); 1 // 1782
5, 3, (2, 1, 0), (0, 6, 0, 0, 0); 31 // 544320
5, 3, (2, 1, 0), (2, 5, 0, 0, 0); 31 // 272160
5, 3, (2, 1, 0), (4, 4, 0, 0, 0); 31 // 136080
5, 3, (2, 1, 0), (6, 3, 0, 0, 0); 31 // 68040
5, 3, (2, 1, 0), (8, 2, 0, 0, 0); 31 // 34020
5, 3, (2, 1, 0), (10, 1, 0, 0, 0); 31 // 17010
5, 3, (2, 1, 0), (12, 0, 0, 0, 0); 31 // 8505
5, 3, (1, 1, 1), (0, 1, 0, 0, 2); 0 // 1
5, 3, (1, 1, 1), (2, 0, 0, 0, 2); 0 // 1
5, 3, (1, 1, 1), (0, 0, 1, 1, 1); 1 // 3548160
5, 3, (1, 1, 1), (1, 1, 0, 1, 1); 1 // 1064448
5, 3, (1, 1, 1), (3, 0, 0, 1, 1); 1 // 532224
5, 3, (1, 1, 1), (1, 0, 2, 0, 1); 1 // 532224
5, 3, (1, 1, 1), (0, 2, 1, 0, 1); 17 // 5322240
5, 3, (1, 1, 1), (2, 1, 1, 0, 1); 17 // 2661120
5, 3, (1, 1, 1), (4, 0, 1, 0, 1); 17 // 1330560
5, 3, (1, 1, 1), (1, 3, 0, 0, 1); 29 // 2661120
5, 3, (1, 1, 1), (3, 2, 0, 0, 1); 29 // 1330560
5, 3, (1, 1, 1), (5, 1, 0, 0, 1); 29 // 665280
5, 3, (1, 1, 1), (7, 0, 0, 0, 1); 29 // 332640
5, 3, (1, 1, 1), (0, 0, 0, 3, 0); 1 // 1774080
5, 3, (1, 1, 1), (1, 0, 1, 2, 0); 1 // 266112
5, 3, (1, 1, 1), (0, 2, 0, 2, 0); 17 // 2661120
5, 3, (1, 1, 1), (2, 1, 0, 2, 0); 17 // 1330560
5, 3, (1, 1, 1), (4, 0, 0, 2, 0); 17 // 665280
5, 3, (1, 1, 1), (0, 1, 2, 1, 0); 29 // 2661120
5, 3, (1, 1, 1), (2, 0, 2, 1, 0); 29 // 1330560
5, 3, (1, 1, 1), (1, 2, 1, 1, 0); 1 // 27720
5, 3, (1, 1, 1), (3, 1, 1, 1, 0); 1 // 13860
5, 3, (1, 1, 1), (5, 0, 1, 1, 0); 1 // 6930
5, 3, (1, 1, 1), (0, 4, 0, 1, 0); 79 // 1330560
5, 3, (1, 1, 1), (2, 3, 0, 1, 0); 79 // 665280
5, 3, (1, 1, 1), (4, 2, 0, 1, 0); 79 // 332640
5, 3, (1, 1, 1), (6, 1, 0, 1, 0); 79 // 166320
5, 3, (1, 1, 1), (8, 0, 0, 1, 0); 79 // 83160
5, 3, (1, 1, 1), (0, 0, 4, 0, 0); 1 // 55440
5, 3, (1, 1, 1), (1, 1, 3, 0, 0); 79 // 1330560
5, 3, (1, 1, 1), (3, 0, 3, 0, 0); 79 // 665280
5, 3, (1, 1, 1), (0, 3, 2, 0, 0); 43 // 443520
5, 3, (1, 1, 1), (2, 2, 2, 0, 0); 43 // 221760
5, 3, (1, 1, 1), (4, 1, 2, 0, 0); 43 // 110880
5, 3, (1, 1, 1), (6, 0, 2, 0, 0); 43 // 55440
5, 3, (1, 1, 1), (1, 4, 1, 0, 0); 1 // 3168
5, 3, (1, 1, 1), (3, 3, 1, 0, 0); 1 // 1584
5, 3, (1, 1, 1), (5, 2, 1, 0, 0); 1 // 792
5, 3, (1, 1, 1), (7, 1, 1, 0, 0); 1 // 396
5, 3, (1, 1, 1), (9, 0, 1, 0, 0); 1 // 198
5, 3, (1, 1, 1), (0, 6, 0, 0, 0); 31 // 60480
5, 3, (1, 1, 1), (2, 5, 0, 0, 0); 31 // 30240
5, 3, (1, 1, 1), (4, 4, 0, 0, 0); 31 // 15120
5, 3, (1, 1, 1), (6, 3, 0, 0, 0); 31 // 7560
5, 3, (1, 1, 1), (8, 2, 0, 0, 0); 31 // 3780
5, 3, (1, 1, 1), (10, 1, 0, 0, 0); 31 // 1890
5, 3, (1, 1, 1), (12, 0, 0, 0, 0); 31 // 945
5, 3, (4, 0, 0), (1, 0, 0, 0, 2); 0 // 1
5, 3, (4, 0, 0), (0, 1, 0, 1, 1); 1 // 63866880
5, 3, (4, 0, 0), (2, 0, 0, 1, 1); 1 // 31933440
5, 3, (4, 0, 0), (0, 0, 2, 0, 1); 1 // 31933440
5, 3, (4, 0, 0), (1, 1, 1, 0, 1); 17 // 159667200
5, 3, (4, 0, 0), (3, 0, 1, 0, 1); 17 // 79833600
5, 3, (4, 0, 0), (0, 3, 0, 0, 1); 29 // 159667200
5, 3, (4, 0, 0), (2, 2, 0, 0, 1); 29 // 79833600
5, 3, (4, 0, 0), (4, 1, 0, 0, 1); 29 // 39916800
5, 3, (4, 0, 0), (6, 0, 0, 0, 1); 29 // 19958400
5, 3, (4, 0, 0), (0, 0, 1, 2, 0); 1 // 15966720
5, 3, (4, 0, 0), (1, 1, 0, 2, 0); 17 // 79833600
5, 3, (4, 0, 0), (3, 0, 0, 2, 0); 17 // 39916800
5, 3, (4, 0, 0), (1, 0, 2, 1, 0); 29 // 79833600
5, 3, (4, 0, 0), (0, 2, 1, 1, 0); 1 // 1663200
5, 3, (4, 0, 0), (2, 1, 1, 1, 0); 1 // 831600
5, 3, (4, 0, 0), (4, 0, 1, 1, 0); 1 // 415800
5, 3, (4, 0, 0), (1, 3, 0, 1, 0); 79 // 39916800
5, 3, (4, 0, 0), (3, 2, 0, 1, 0); 79 // 19958400
5, 3, (4, 0, 0), (5, 1, 0, 1, 0); 79 // 9979200
5, 3, (4, 0, 0), (7, 0, 0, 1, 0); 79 // 4989600
5, 3, (4, 0, 0), (0, 1, 3, 0, 0); 79 // 79833600
5, 3, (4, 0, 0), (2, 0, 3, 0, 0); 79 // 39916800
5, 3, (4, 0, 0), (1, 2, 2, 0, 0); 43 // 13305600
5, 3, (4, 0, 0), (3, 1, 2, 0, 0); 43 // 6652800
5, 3, (4, 0, 0), (5, 0, 2, 0, 0); 43 // 3326400
5, 3, (4, 0, 0), (0, 4, 1, 0, 0); 1 // 190080
5, 3, (4, 0, 0), (2, 3, 1, 0, 0); 1 // 95040
5, 3, (4, 0, 0), (4, 2, 1, 0, 0); 1 // 47520
5, 3, (4, 0, 0), (6, 1, 1, 0, 0); 1 // 23760
5, 3, (4, 0, 0), (8, 0, 1, 0, 0); 1 // 11880
5, 3, (4, 0, 0), (1, 5, 0, 0, 0); 31 // 1814400
5, 3, (4, 0, 0), (3, 4, 0, 0, 0); 31 // 907200
5, 3, (4, 0, 0), (5, 3, 0, 0, 0); 31 // 453600
5, 3, (4, 0, 0), (7, 2, 0, 0, 0); 31 // 226800
5, 3, (4, 0, 0), (9, 1, 0, 0, 0); 31 // 113400
5, 3, (4, 0, 0), (11, 0, 0, 0, 0); 31 // 56700
5, 3, (3, 1, 0), (1, 0, 0, 0, 2); 0 // 1
5, 3, (3, 1, 0), (0, 1, 0, 1, 1); 1 // 6386688
5, 3, (3, 1, 0), (2, 0, 0, 1, 1); 1 // 3193344
5, 3, (3, 1, 0), (0, 0, 2, 0, 1); 1 // 3193344
5, 3, (3, 1, 0), (1, 1, 1, 0, 1); 17 // 15966720
5, 3, (3, 1, 0), (3, 0, 1, 0, 1); 17 // 7983360
5, 3, (3, 1, 0), (0, 3, 0, 0, 1); 29 // 15966720
5, 3, (3, 1, 0), (2, 2, 0, 0, 1); 29 // 7983360
5, 3, (3, 1, 0), (4, 1, 0, 0, 1); 29 // 3991680
5, 3, (3, 1, 0), (6, 0, 0, 0, 1); 29 // 1995840
5, 3, (3, 1, 0), (0, 0, 1, 2, 0); 1 // 1596672
5, 3, (3, 1, 0), (1, 1, 0, 2, 0); 17 // 7983360
5, 3, (3, 1, 0), (3, 0, 0, 2, 0); 17 // 3991680
5, 3, (3, 1, 0), (1, 0, 2, 1, 0); 29 // 7983360
5, 3, (3, 1, 0), (0, 2, 1, 1, 0); 1 // 166320
5, 3, (3, 1, 0), (2, 1, 1, 1, 0); 1 // 83160
5, 3, (3, 1, 0), (4, 0, 1, 1, 0); 1 // 41580
5, 3, (3, 1, 0), (1, 3, 0, 1, 0); 79 // 3991680
5, 3, (3, 1, 0), (3, 2, 0, 1, 0); 79 // 1995840
5, 3, (3, 1, 0), (5, 1, 0, 1, 0); 79 // 997920
5, 3, (3, 1, 0), (7, 0, 0, 1, 0); 79 // 498960
5, 3, (3, 1, 0), (0, 1, 3, 0, 0); 79 // 7983360
5, 3, (3, 1, 0), (2, 0, 3, 0, 0); 79 // 3991680
5, 3, (3, 1, 0), (1, 2, 2, 0, 0); 43 // 1330560
5, 3, (3, 1, 0), (3, 1, 2, 0, 0); 43 // 665280
5, 3, (3, 1, 0), (5, 0, 2, 0, 0); 43 // 332640
5, 3, (3, 1, 0), (0, 4, 1, 0, 0); 1 // 19008
5, 3, (3, 1, 0), (2, 3, 1, 0, 0); 1 // 9504
5, 3, (3, 1, 0), (4, 2, 1, 0, 0); 1 // 4752
5, 3, (3, 1, 0), (6, 1, 1, 0, 0); 1 // 2376
5, 3, (3, 1, 0), (8, 0, 1, 0, 0); 1 // 1188
5, 3, (3, 1, 0), (1, 5, 0, 0, 0); 31 // 181440
5, 3, (3, 1, 0), (3, 4, 0, 0, 0); 31 // 90720
5, 3, (3, 1, 0), (5, 3, 0, 0, 0); 31 // 45360
5, 3, (3, 1, 0), (7, 2, 0, 0, 0); 31 // 22680
5, 3, (3, 1, 0), (9, 1, 0, 0, 0); 31 // 11340
5, 3, (3, 1, 0), (11, 0, 0, 0, 0); 31 // 5670
5, 3, (2, 2, 0), (1, 0, 0, 0, 2); 0 // 1
5, 3, (2, 2, 0), (0, 1, 0, 1, 1); 1 // 3548160
5, 3, (2, 2, 0), (2, 0, 0, 1, 1); 1 // 1774080
5, 3, (2, 2, 0), (0, 0, 2, 0, 1); 1 // 1774080
5, 3, (2, 2, 0), (1, 1, 1, 0, 1); 17 // 8870400
5, 3, (2, 2, 0), (3, 0, 1, 0, 1); 17 // 4435200
5, 3, (2, 2, 0), (0, 3, 0, 0, 1); 29 // 8870400
5, 3, (2, 2, 0), (2, 2, 0, 0, 1); 29 // 4435200
5, 3, (2, 2, 0), (4, 1, 0, 0, 1); 29 // 2217600
5, 3, (2, 2, 0), (6, 0, 0, 0, 1); 29 // 1108800
5, 3, (2, 2, 0), (0, 0, 1, 2, 0); 1 // 887040
5, 3, (2, 2, 0), (1, 1, 0, 2, 0); 17 // 4435200
5, 3, (2, 2, 0), (3, 0, 0, 2, 0); 17 // 2217600
5, 3, (2, 2, 0), (1, 0, 2, 1, 0); 29 // 4435200
5, 3, (2, 2, 0), (0, 2, 1, 1, 0); 1 // 92400
5, 3, (2, 2, 0), (2, 1, 1, 1, 0); 1 // 46200
5, 3, (2, 2, 0), (4, 0, 1, 1, 0); 1 // 23100
5, 3, (2, 2, 0), (1, 3, 0, 1, 0); 79 // 2217600
5, 3, (2, 2, 0), (3, 2, 0, 1, 0); 79 // 1108800
5, 3, (2, 2, 0), (5, 1, 0, 1, 0); 79 // 554400
5, 3, (2, 2, 0), (7, 0, 0, 1, 0); 79 // 277200
5, 3, (2, 2, 0), (0, 1, 3, 0, 0); 79 // 4435200
5, 3, (2, 2, 0), (2, 0, 3, 0, 0); 79 // 2217600
5, 3, (2, 2, 0), (1, 2, 2, 0, 0); 43 // 739200
5, 3, (2, 2, 0), (3, 1, 2, 0, 0); 43 // 369600
5, 3, (2, 2, 0), (5, 0, 2, 0, 0); 43 // 184800
5, 3, (2, 2, 0), (0, 4, 1, 0, 0); 1 // 10560
5, 3, (2, 2, 0), (2, 3, 1, 0, 0); 1 // 5280
5, 3, (2, 2, 0), (4, 2, 1, 0, 0); 1 // 2640
5, 3, (2, 2, 0), (6, 1, 1, 0, 0); 1 // 1320
5, 3, (2, 2, 0), (8, 0, 1, 0, 0); 1 // 660
5, 3, (2, 2, 0), (1, 5, 0, 0, 0); 31 // 100800
5, 3, (2, 2, 0), (3, 4, 0, 0, 0); 31 // 50400
5, 3, (2, 2, 0), (5, 3, 0, 0, 0); 31 // 25200
5, 3, (2, 2, 0), (7, 2, 0, 0, 0); 31 // 12600
5, 3, (2, 2, 0), (9, 1, 0, 0, 0); 31 // 6300
5, 3, (2, 2, 0), (11, 0, 0, 0, 0); 31 // 3150
5, 3, (2, 1, 1), (1, 0, 0, 0, 2); 0 // 1
5, 3, (2, 1, 1), (0, 1, 0, 1, 1); 1 // 709632
5, 3, (2, 1, 1), (2, 0, 0, 1, 1); 1 // 354816
5, 3, (2, 1, 1), (0, 0, 2, 0, 1); 1 // 354816
5, 3, (2, 1, 1), (1, 1, 1, 0, 1); 17 // 1774080
5, 3, (2, 1, 1), (3, 0, 1, 0, 1); 17 // 887040
5, 3, (2, 1, 1), (0, 3, 0, 0, 1); 29 // 1774080
5, 3, (2, 1, 1), (2, 2, 0, 0, 1); 29 // 887040
5, 3, (2, 1, 1), (4, 1, 0, 0, 1); 29 // 443520
5, 3, (2, 1, 1), (6, 0, 0, 0, 1); 29 // 221760
5, 3, (2, 1, 1), (0, 0, 1, 2, 0); 1 // 177408
5, 3, (2, 1, 1), (1, 1, 0, 2, 0); 17 // 887040
5, 3, (2, 1, 1), (3, 0, 0, 2, 0); 17 // 443520
5, 3, (2, 1, 1), (1, 0, 2, 1, 0); 29 // 887040
5, 3, (2, 1, 1), (0, 2, 1, 1, 0); 1 // 18480
5, 3, (2, 1, 1), (2, 1, 1, 1, 0); 1 // 9240
5, 3, (2, 1, 1), (4, 0, 1, 1, 0); 1 // 4620
5, 3, (2, 1, 1), (1, 3, 0, 1, 0); 79 // 443520
5, 3, (2, 1, 1), (3, 2, 0, 1, 0); 79 // 221760
5, 3, (2, 1, 1), (5, 1, 0, 1, 0); 79 // 110880
5, 3, (2, 1, 1), (7, 0, 0, 1, 0); 79 // 55440
5, 3, (2, 1, 1), (0, 1, 3, 0, 0); 79 // 887040
5, 3, (2, 1, 1), (2, 0, 3, 0, 0); 79 // 443520
5, 3, (2, 1, 1), (1, 2, 2, 0, 0); 43 // 147840
5, 3, (2, 1, 1), (3, 1, 2, 0, 0); 43 // 73920
5, 3, (2, 1, 1), (5, 0, 2, 0, 0); 43 // 36960
5, 3, (2, 1, 1), (0, 4, 1, 0, 0); 1 // 2112
5, 3, (2, 1, 1), (2, 3, 1, 0, 0); 1 // 1056
5, 3, (2, 1, 1), (4, 2, 1, 0, 0); 1 // 528
5, 3, (2, 1, 1), (6, 1, 1, 0, 0); 1 // 264
5, 3, (2, 1, 1), (8, 0, 1, 0, 0); 1 // 132
5, 3, (2, 1, 1), (1, 5, 0, 0, 0); 31 // 20160
5, 3, (2, 1, 1), (3, 4, 0, 0, 0); 31 // 10080
5, 3, (2, 1, 1), (5, 3, 0, 0, 0); 31 // 5040
5, 3, (2, 1, 1), (7, 2, 0, 0, 0); 31 // 2520
5, 3, (2, 1, 1), (9, 1, 0, 0, 0); 31 // 1260
5, 3, (2, 1, 1), (11, 0, 0, 0, 0); 31 // 630
5, 3, (5, 0, 0), (0, 0, 0, 0, 2); 0 // 1
5, 3, (5, 0, 0), (1, 0, 0, 1, 1); 1 // 38320128
5, 3, (5, 0, 0), (0, 1, 1, 0, 1); 13 // 141926400
5, 3, (5, 0, 0), (2, 0, 1, 0, 1); 13 // 70963200
5, 3, (5, 0, 0), (1, 2, 0, 0, 1); 43 // 136857600
5, 3, (5, 0, 0), (3, 1, 0, 0, 1); 43 // 68428800
5, 3, (5, 0, 0), (5, 0, 0, 0, 1); 43 // 34214400
5, 3, (5, 0, 0), (0, 1, 0, 2, 0); 13 // 70963200
5, 3, (5, 0, 0), (2, 0, 0, 2, 0); 13 // 35481600
5, 3, (5, 0, 0), (0, 0, 2, 1, 0); 43 // 136857600
5, 3, (5, 0, 0), (1, 1, 1, 1, 0); 89 // 85155840
5, 3, (5, 0, 0), (3, 0, 1, 1, 0); 89 // 42577920
5, 3, (5, 0, 0), (0, 3, 0, 1, 0); 367 // 212889600
5, 3, (5, 0, 0), (2, 2, 0, 1, 0); 367 // 106444800
5, 3, (5, 0, 0), (4, 1, 0, 1, 0); 367 // 53222400
5, 3, (5, 0, 0), (6, 0, 0, 1, 0); 367 // 26611200
5, 3, (5, 0, 0), (1, 0, 3, 0, 0); 367 // 212889600
5, 3, (5, 0, 0), (0, 2, 2, 0, 0); 2701 // 958003200
5, 3, (5, 0, 0), (2, 1, 2, 0, 0); 2701 // 479001600
5, 3, (5, 0, 0), (4, 0, 2, 0, 0); 2701 // 239500800
5, 3, (5, 0, 0), (1, 3, 1, 0, 0); 17603 // 1916006400
5, 3, (5, 0, 0), (3, 2, 1, 0, 0); 17603 // 958003200
5, 3, (5, 0, 0), (5, 1, 1, 0, 0); 17603 // 479001600
5, 3, (5, 0, 0), (7, 0, 1, 0, 0); 17603 // 239500800
5, 3, (5, 0, 0), (0, 5, 0, 0, 0); 13 // 870912
5, 3, (5, 0, 0), (2, 4, 0, 0, 0); 13 // 435456
5, 3, (5, 0, 0), (4, 3, 0, 0, 0); 13 // 217728
5, 3, (5, 0, 0), (6, 2, 0, 0, 0); 13 // 108864
5, 3, (5, 0, 0), (8, 1, 0, 0, 0); 13 // 54432
5, 3, (5, 0, 0), (10, 0, 0, 0, 0); 13 // 27216
5, 3, (4, 1, 0), (0, 0, 0, 0, 2); 0 // 1
5, 3, (4, 1, 0), (1, 0, 0, 1, 1); 5 // 19160064
5, 3, (4, 1, 0), (0, 1, 1, 0, 1); 13 // 14192640
5, 3, (4, 1, 0), (2, 0, 1, 0, 1); 13 // 7096320
5, 3, (4, 1, 0), (1, 2, 0, 0, 1); 43 // 13685760
5, 3, (4, 1, 0), (3, 1, 0, 0, 1); 43 // 6842880
5, 3, (4, 1, 0), (5, 0, 0, 0, 1); 43 // 3421440
5, 3, (4, 1, 0), (0, 1, 0, 2, 0); 13 // 7096320
5, 3, (4, 1, 0), (2, 0, 0, 2, 0); 13 // 3548160
5, 3, (4, 1, 0), (0, 0, 2, 1, 0); 43 // 13685760
5, 3, (4, 1, 0), (1, 1, 1, 1, 0); 89 // 8515584
5, 3, (4, 1, 0), (3, 0, 1, 1, 0); 89 // 4257792
5, 3, (4, 1, 0), (0, 3, 0, 1, 0); 367 // 21288960
5, 3, (4, 1, 0), (2, 2, 0, 1, 0); 367 // 10644480
5, 3, (4, 1, 0), (4, 1, 0, 1, 0); 367 // 5322240
5, 3, (4, 1, 0), (6, 0, 0, 1, 0); 367 // 2661120
5, 3, (4, 1, 0), (1, 0, 3, 0, 0); 367 // 21288960
5, 3, (4, 1, 0), (0, 2, 2, 0, 0); 2701 // 95800320
5, 3, (4, 1, 0), (2, 1, 2, 0, 0); 2701 // 47900160
5, 3, (4, 1, 0), (4, 0, 2, 0, 0); 2701 // 23950080
5, 3, (4, 1, 0), (1, 3, 1, 0, 0); 17603 // 191600640
5, 3, (4, 1, 0), (3, 2, 1, 0, 0); 17603 // 95800320
5, 3, (4, 1, 0), (5, 1, 1, 0, 0); 17603 // 47900160
5, 3, (4, 1, 0), (7, 0, 1, 0, 0); 17603 // 23950080
5, 3, (4, 1, 0), (0, 5, 0, 0, 0); 65 // 435456
5, 3, (4, 1, 0), (2, 4, 0, 0, 0); 65 // 217728
5, 3, (4, 1, 0), (4, 3, 0, 0, 0); 65 // 108864
5, 3, (4, 1, 0), (6, 2, 0, 0, 0); 65 // 54432
5, 3, (4, 1, 0), (8, 1, 0, 0, 0); 65 // 27216
5, 3, (4, 1, 0), (10, 0, 0, 0, 0); 65 // 13608
5, 3, (3, 2, 0), (0, 0, 0, 0, 2); 0 // 1
5, 3, (3, 2, 0), (1, 0, 0, 1, 1); 61 // 95800320
5, 3, (3, 2, 0), (0, 1, 1, 0, 1); 1679 // 766402560
5, 3, (3, 2, 0), (2, 0, 1, 0, 1); 1679 // 383201280
5, 3, (3, 2, 0), (1, 2, 0, 0, 1); 41 // 5474304
5, 3, (3, 2, 0), (3, 1, 0, 0, 1); 41 // 2737152
5, 3, (3, 2, 0), (5, 0, 0, 0, 1); 41 // 1368576
5, 3, (3, 2, 0), (0, 1, 0, 2, 0); 1679 // 383201280
5, 3, (3, 2, 0), (2, 0, 0, 2, 0); 1679 // 191600640
5, 3, (3, 2, 0), (0, 0, 2, 1, 0); 41 // 5474304
5, 3, (3, 2, 0), (1, 1, 1, 1, 0); 31727 // 1277337600
5, 3, (3, 2, 0), (3, 0, 1, 1, 0); 31727 // 638668800
5, 3, (3, 2, 0), (0, 3, 0, 1, 0); 78391 // 1916006400
5, 3, (3, 2, 0), (2, 2, 0, 1, 0); 78391 // 958003200
5, 3, (3, 2, 0), (4, 1, 0, 1, 0); 78391 // 479001600
5, 3, (3, 2, 0), (6, 0, 0, 1, 0); 78391 // 239500800
5, 3, (3, 2, 0), (1, 0, 3, 0, 0); 78391 // 1916006400
5, 3, (3, 2, 0), (0, 2, 2, 0, 0); 21347 // 319334400
5, 3, (3, 2, 0), (2, 1, 2, 0, 0); 21347 // 159667200
5, 3, (3, 2, 0), (4, 0, 2, 0, 0); 21347 // 79833600
5, 3, (3, 2, 0), (1, 3, 1, 0, 0); 139049 // 638668800
5, 3, (3, 2, 0), (3, 2, 1, 0, 0); 139049 // 319334400
5, 3, (3, 2, 0), (5, 1, 1, 0, 0); 139049 // 159667200
5, 3, (3, 2, 0), (7, 0, 1, 0, 0); 139049 // 79833600
5, 3, (3, 2, 0), (0, 5, 0, 0, 0); 7699 // 21772800
5, 3, (3, 2, 0), (2, 4, 0, 0, 0); 7699 // 10886400
5, 3, (3, 2, 0), (4, 3, 0, 0, 0); 7699 // 5443200
5, 3, (3, 2, 0), (6, 2, 0, 0, 0); 7699 // 2721600
5, 3, (3, 2, 0), (8, 1, 0, 0, 0); 7699 // 1360800
5, 3, (3, 2, 0), (10, 0, 0, 0, 0); 7699 // 680400
5, 3, (3, 1, 1), (0, 0, 0, 0, 2); 0 // 1
5, 3, (3, 1, 1), (1, 0, 0, 1, 1); 5 // 2128896
5, 3, (3, 1, 1), (0, 1, 1, 0, 1); 13 // 1576960
5, 3, (3, 1, 1), (2, 0, 1, 0, 1); 13 // 788480
5, 3, (3, 1, 1), (1, 2, 0, 0, 1); 43 // 1520640
5, 3, (3, 1, 1), (3, 1, 0, 0, 1); 43 // 760320
5, 3, (3, 1, 1), (5, 0, 0, 0, 1); 43 // 380160
5, 3, (3, 1, 1), (0, 1, 0, 2, 0); 13 // 788480
5, 3, (3, 1, 1), (2, 0, 0, 2, 0); 13 // 394240
5, 3, (3, 1, 1), (0, 0, 2, 1, 0); 43 // 1520640
5, 3, (3, 1, 1), (1, 1, 1, 1, 0); 89 // 946176
5, 3, (3, 1, 1), (3, 0, 1, 1, 0); 89 // 473088
5, 3, (3, 1, 1), (0, 3, 0, 1, 0); 367 // 2365440
5, 3, (3, 1, 1), (2, 2, 0, 1, 0); 367 // 1182720
5, 3, (3, 1, 1), (4, 1, 0, 1, 0); 367 // 591360
5, 3, (3, 1, 1), (6, 0, 0, 1, 0); 367 // 295680
5, 3, (3, 1, 1), (1, 0, 3, 0, 0); 367 // 2365440
5, 3, (3, 1, 1), (0, 2, 2, 0, 0); 2701 // 10644480
5, 3, (3, 1, 1), (2, 1, 2, 0, 0); 2701 // 5322240
5, 3, (3, 1, 1), (4, 0, 2, 0, 0); 2701 // 2661120
5, 3, (3, 1, 1), (1, 3, 1, 0, 0); 17603 // 21288960
5, 3, (3, 1, 1), (3, 2, 1, 0, 0); 17603 // 10644480
5, 3, (3, 1, 1), (5, 1, 1, 0, 0); 17603 // 5322240
5, 3, (3, 1, 1), (7, 0, 1, 0, 0); 17603 // 2661120
5, 3, (3, 1, 1), (0, 5, 0, 0, 0); 65 // 48384
5, 3, (3, 1, 1), (2, 4, 0, 0, 0); 65 // 24192
5, 3, (3, 1, 1), (4, 3, 0, 0, 0); 65 // 12096
5, 3, (3, 1, 1), (6, 2, 0, 0, 0); 65 // 6048
5, 3, (3, 1, 1), (8, 1, 0, 0, 0); 65 // 3024
5, 3, (3, 1, 1), (10, 0, 0, 0, 0); 65 // 1512
5, 3, (2, 2, 1), (0, 0, 0, 0, 2); 0 // 1
5, 3, (2, 2, 1), (1, 0, 0, 1, 1); 1 // 248832
5, 3, (2, 2, 1), (0, 1, 1, 0, 1); 17 // 1244160
5, 3, (2, 2, 1), (2, 0, 1, 0, 1); 17 // 622080
5, 3, (2, 2, 1), (1, 2, 0, 0, 1); 29 // 622080
5, 3, (2, 2, 1), (3, 1, 0, 0, 1); 29 // 311040
5, 3, (2, 2, 1), (5, 0, 0, 0, 1); 29 // 155520
5, 3, (2, 2, 1), (0, 1, 0, 2, 0); 17 // 622080
5, 3, (2, 2, 1), (2, 0, 0, 2, 0); 17 // 311040
5, 3, (2, 2, 1), (0, 0, 2, 1, 0); 29 // 622080
5, 3, (2, 2, 1), (1, 1, 1, 1, 0); 1 // 6480
5, 3, (2, 2, 1), (3, 0, 1, 1, 0); 1 // 3240
5, 3, (2, 2, 1), (0, 3, 0, 1, 0); 79 // 311040
5, 3, (2, 2, 1), (2, 2, 0, 1, 0); 79 // 155520
5, 3, (2, 2, 1), (4, 1, 0, 1, 0); 79 // 77760
5, 3, (2, 2, 1), (6, 0, 0, 1, 0); 79 // 38880
5, 3, (2, 2, 1), (1, 0, 3, 0, 0); 79 // 311040
5, 3, (2, 2, 1), (0, 2, 2, 0, 0); 43 // 103680
5, 3, (2, 2, 1), (2, 1, 2, 0, 0); 43 // 51840
5, 3, (2, 2, 1), (4, 0, 2, 0, 0); 43 // 25920
5, 3, (2, 2, 1), (1, 3, 1, 0, 0); 7 // 5184
5, 3, (2, 2, 1), (3, 2, 1, 0, 0); 7 // 2592
5, 3, (2, 2, 1), (5, 1, 1, 0, 0); 7 // 1296
5, 3, (2, 2, 1), (7, 0, 1, 0, 0); 7 // 648
5, 3, (2, 2, 1), (0, 5, 0, 0, 0); 341 // 155520
5, 3, (2, 2, 1), (2, 4, 0, 0, 0); 341 // 77760
5, 3, (2, 2, 1), (4, 3, 0, 0, 0); 341 // 38880
5, 3, (2, 2, 1), (6, 2, 0, 0, 0); 341 // 19440
5, 3, (2, 2, 1), (8, 1, 0, 0, 0); 341 // 9720
5, 3, (2, 2, 1), (10, 0, 0, 0, 0); 341 // 4860
5, 3, (6, 0, 0), (0, 0, 0, 1, 1); 1 // 63866880
5, 3, (6, 0, 0), (1, 0, 1, 0, 1); 1319 // 11496038400
5, 3, (6, 0, 0), (0, 2, 0, 0, 1); 1139 // 5748019200
5, 3, (6, 0, 0), (2, 1, 0, 0, 1); 1139 // 2874009600
5, 3, (6, 0, 0), (4, 0, 0, 0, 1); 1139 // 1437004800
5, 3, (6, 0, 0), (1, 0, 0, 2, 0); 1319 // 5748019200
5, 3, (6, 0, 0), (0, 1, 1, 1, 0); 509 // 766402560
5, 3, (6, 0, 0), (2, 0, 1, 1, 0); 509 // 383201280
5, 3, (6, 0, 0), (1, 2, 0, 1, 0); 1579 // 718502400
5, 3, (6, 0, 0), (3, 1, 0, 1, 0); 1579 // 359251200
5, 3, (6, 0, 0), (5, 0, 0, 1, 0); 1579 // 179625600
5, 3, (6, 0, 0), (0, 0, 3, 0, 0); 1579 // 1437004800
5, 3, (6, 0, 0), (1, 1, 2, 0, 0); 5177 // 1437004800
5, 3, (6, 0, 0), (3, 0, 2, 0, 0); 5177 // 718502400
5, 3, (6, 0, 0), (0, 3, 1, 0, 0); 3071 // 522547200
5, 3, (6, 0, 0), (2, 2, 1, 0, 0); 3071 // 261273600
5, 3, (6, 0, 0), (4, 1, 1, 0, 0); 3071 // 130636800
5, 3, (6, 0, 0), (6, 0, 1, 0, 0); 3071 // 65318400
5, 3, (6, 0, 0), (1, 4, 0, 0, 0); 1831 // 95800320
5, 3, (6, 0, 0), (3, 3, 0, 0, 0); 1831 // 47900160
5, 3, (6, 0, 0), (5, 2, 0, 0, 0); 1831 // 23950080
5, 3, (6, 0, 0), (7, 1, 0, 0, 0); 1831 // 11975040
5, 3, (6, 0, 0), (9, 0, 0, 0, 0); 1831 // 5987520
5, 3, (5, 1, 0), (0, 0, 0, 1, 1); 1 // 6386688
5, 3, (5, 1, 0), (1, 0, 1, 0, 1); 1319 // 1149603840
5, 3, (5, 1, 0), (0, 2, 0, 0, 1); 1139 // 574801920
5, 3, (5, 1, 0), (2, 1, 0, 0, 1); 1139 // 287400960
5, 3, (5, 1, 0), (4, 0, 0, 0, 1); 1139 // 143700480
5, 3, (5, 1, 0), (1, 0, 0, 2, 0); 1319 // 574801920
5, 3, (5, 1, 0), (0, 1, 1, 1, 0); 509 // 76640256
5, 3, (5, 1, 0), (2, 0, 1, 1, 0); 509 // 38320128
5, 3, (5, 1, 0), (1, 2, 0, 1, 0); 1579 // 71850240
5, 3, (5, 1, 0), (3, 1, 0, 1, 0); 1579 // 35925120
5, 3, (5, 1, 0), (5, 0, 0, 1, 0); 1579 // 17962560
5, 3, (5, 1, 0), (0, 0, 3, 0, 0); 1579 // 143700480
5, 3, (5, 1, 0), (1, 1, 2, 0, 0); 5177 // 143700480
5, 3, (5, 1, 0), (3, 0, 2, 0, 0); 5177 // 71850240
5, 3, (5, 1, 0), (0, 3, 1, 0, 0); 3071 // 52254720
5, 3, (5, 1, 0), (2, 2, 1, 0, 0); 3071 // 26127360
5, 3, (5, 1, 0), (4, 1, 1, 0, 0); 3071 // 13063680
5, 3, (5, 1, 0), (6, 0, 1, 0, 0); 3071 // 6531840
5, 3, (5, 1, 0), (1, 4, 0, 0, 0); 1831 // 9580032
5, 3, (5, 1, 0), (3, 3, 0, 0, 0); 1831 // 4790016
5, 3, (5, 1, 0), (5, 2, 0, 0, 0); 1831 // 2395008
5, 3, (5, 1, 0), (7, 1, 0, 0, 0); 1831 // 1197504
5, 3, (5, 1, 0), (9, 0, 0, 0, 0); 1831 // 598752
5, 3, (4, 2, 0), (0, 0, 0, 1, 1); 1 // 2128896
5, 3, (4, 2, 0), (1, 0, 1, 0, 1); 3833 // 1149603840
5, 3, (4, 2, 0), (0, 2, 0, 0, 1); 3293 // 574801920
5, 3, (4, 2, 0), (2, 1, 0, 0, 1); 3293 // 287400960
5, 3, (4, 2, 0), (4, 0, 0, 0, 1); 3293 // 143700480
5, 3, (4, 2, 0), (1, 0, 0, 2, 0); 3833 // 574801920
5, 3, (4, 2, 0), (0, 1, 1, 1, 0); 7307 // 383201280
5, 3, (4, 2, 0), (2, 0, 1, 1, 0); 7307 // 191600640
5, 3, (4, 2, 0), (1, 2, 0, 1, 0); 323 // 5132160
5, 3, (4, 2, 0), (3, 1, 0, 1, 0); 323 // 2566080
5, 3, (4, 2, 0), (5, 0, 0, 1, 0); 323 // 1283040
5, 3, (4, 2, 0), (0, 0, 3, 0, 0); 323 // 10264320
5, 3, (4, 2, 0), (1, 1, 2, 0, 0); 269 // 2612736
5, 3, (4, 2, 0), (3, 0, 2, 0, 0); 269 // 1306368
5, 3, (4, 2, 0), (0, 3, 1, 0, 0); 13777 // 82114560
5, 3, (4, 2, 0), (2, 2, 1, 0, 0); 13777 // 41057280
5, 3, (4, 2, 0), (4, 1, 1, 0, 0); 13777 // 20528640
5, 3, (4, 2, 0), (6, 0, 1, 0, 0); 13777 // 10264320
5, 3, (4, 2, 0), (1, 4, 0, 0, 0); 3731 // 6842880
5, 3, (4, 2, 0), (3, 3, 0, 0, 0); 3731 // 3421440
5, 3, (4, 2, 0), (5, 2, 0, 0, 0); 3731 // 1710720
5, 3, (4, 2, 0), (7, 1, 0, 0, 0); 3731 // 855360
5, 3, (4, 2, 0), (9, 0, 0, 0, 0); 3731 // 427680
5, 3, (3, 3, 0), (0, 0, 0, 1, 1); 1 // 1520640
5, 3, (3, 3, 0), (1, 0, 1, 0, 1); 26459 // 5748019200
5, 3, (3, 3, 0), (0, 2, 0, 0, 1); 22679 // 2874009600
5, 3, (3, 3, 0), (2, 1, 0, 0, 1); 22679 // 1437004800
5, 3, (3, 3, 0), (4, 0, 0, 0, 1); 22679 // 718502400
5, 3, (3, 3, 0), (1, 0, 0, 2, 0); 26459 // 2874009600
5, 3, (3, 3, 0), (0, 1, 1, 1, 0); 10033 // 383201280
5, 3, (3, 3, 0), (2, 0, 1, 1, 0); 10033 // 191600640
5, 3, (3, 3, 0), (1, 2, 0, 1, 0); 2819 // 32659200
5, 3, (3, 3, 0), (3, 1, 0, 1, 0); 2819 // 16329600
5, 3, (3, 3, 0), (5, 0, 0, 1, 0); 2819 // 8164800
5, 3, (3, 3, 0), (0, 0, 3, 0, 0); 2819 // 65318400
5, 3, (3, 3, 0), (1, 1, 2, 0, 0); 101357 // 718502400
5, 3, (3, 3, 0), (3, 0, 2, 0, 0); 101357 // 359251200
5, 3, (3, 3, 0), (0, 3, 1, 0, 0); 660361 // 2874009600
5, 3, (3, 3, 0), (2, 2, 1, 0, 0); 660361 // 1437004800
5, 3, (3, 3, 0), (4, 1, 1, 0, 0); 660361 // 718502400
5, 3, (3, 3, 0), (6, 0, 1, 0, 0); 660361 // 359251200
5, 3, (3, 3, 0), (1, 4, 0, 0, 0); 7151 // 9580032
5, 3, (3, 3, 0), (3, 3, 0, 0, 0); 7151 // 4790016
5, 3, (3, 3, 0), (5, 2, 0, 0, 0); 7151 // 2395008
5, 3, (3, 3, 0), (7, 1, 0, 0, 0); 7151 // 1197504
5, 3, (3, 3, 0), (9, 0, 0, 0, 0); 7151 // 598752
5, 3, (4, 1, 1), (0, 0, 0, 1, 1); 1 // 709632
5, 3, (4, 1, 1), (1, 0, 1, 0, 1); 1319 // 127733760
5, 3, (4, 1, 1), (0, 2, 0, 0, 1); 1139 // 63866880
5, 3, (4, 1, 1), (2, 1, 0, 0, 1); 1139 // 31933440
5, 3, (4, 1, 1), (4, 0, 0, 0, 1); 1139 // 15966720
5, 3, (4, 1, 1), (1, 0, 0, 2, 0); 1319 // 63866880
5, 3, (4, 1, 1), (0, 1, 1, 1, 0); 509 // 8515584
5, 3, (4, 1, 1), (2, 0, 1, 1, 0); 509 // 4257792
5, 3, (4, 1, 1), (1, 2, 0, 1, 0); 1579 // 7983360
5, 3, (4, 1, 1), (3, 1, 0, 1, 0); 1579 // 3991680
5, 3, (4, 1, 1), (5, 0, 0, 1, 0); 1579 // 1995840
5, 3, (4, 1, 1), (0, 0, 3, 0, 0); 1579 // 15966720
5, 3, (4, 1, 1), (1, 1, 2, 0, 0); 5177 // 15966720
5, 3, (4, 1, 1), (3, 0, 2, 0, 0); 5177 // 7983360
5, 3, (4, 1, 1), (0, 3, 1, 0, 0); 3071 // 5806080
5, 3, (4, 1, 1), (2, 2, 1, 0, 0); 3071 // 2903040
5, 3, (4, 1, 1), (4, 1, 1, 0, 0); 3071 // 1451520
5, 3, (4, 1, 1), (6, 0, 1, 0, 0); 3071 // 725760
5, 3, (4, 1, 1), (1, 4, 0, 0, 0); 1831 // 1064448
5, 3, (4, 1, 1), (3, 3, 0, 0, 0); 1831 // 532224
5, 3, (4, 1, 1), (5, 2, 0, 0, 0); 1831 // 266112
5, 3, (4, 1, 1), (7, 1, 0, 0, 0); 1831 // 133056
5, 3, (4, 1, 1), (9, 0, 0, 0, 0); 1831 // 66528
5, 3, (3, 2, 1), (0, 0, 0, 1, 1); 1 // 304128
5, 3, (3, 2, 1), (1, 0, 1, 0, 1); 26459 // 1149603840
5, 3, (3, 2, 1), (0, 2, 0, 0, 1); 22679 // 574801920
5, 3, (3, 2, 1), (2, 1, 0, 0, 1); 22679 // 287400960
5, 3, (3, 2, 1), (4, 0, 0, 0, 1); 22679 // 143700480
5, 3, (3, 2, 1), (1, 0, 0, 2, 0); 26459 // 574801920
5, 3, (3, 2, 1), (0, 1, 1, 1, 0); 10033 // 76640256
5, 3, (3, 2, 1), (2, 0, 1, 1, 0); 10033 // 38320128
5, 3, (3, 2, 1), (1, 2, 0, 1, 0); 2819 // 6531840
5, 3, (3, 2, 1), (3, 1, 0, 1, 0); 2819 // 3265920
5, 3, (3, 2, 1), (5, 0, 0, 1, 0); 2819 // 1632960
5, 3, (3, 2, 1), (0, 0, 3, 0, 0); 2819 // 13063680
5, 3, (3, 2, 1), (1, 1, 2, 0, 0); 101357 // 143700480
5, 3, (3, 2, 1), (3, 0, 2, 0, 0); 101357 // 71850240
5, 3, (3, 2, 1), (0, 3, 1, 0, 0); 660361 // 574801920
5, 3, (3, 2, 1), (2, 2, 1, 0, 0); 660361 // 287400960
5, 3, (3, 2, 1), (4, 1, 1, 0, 0); 660361 // 143700480
5, 3, (3, 2, 1), (6, 0, 1, 0, 0); 660361 // 71850240
5, 3, (3, 2, 1), (1, 4, 0, 0, 0); 35755 // 9580032
5, 3, (3, 2, 1), (3, 3, 0, 0, 0); 35755 // 4790016
5, 3, (3, 2, 1), (5, 2, 0, 0, 0); 35755 // 2395008
5, 3, (3, 2, 1), (7, 1, 0, 0, 0); 35755 // 1197504
5, 3, (3, 2, 1), (9, 0, 0, 0, 0); 35755 // 598752
5, 3, (2, 2, 2), (0, 0, 0, 1, 1); 5 // 912384
5, 3, (2, 2, 2), (1, 0, 1, 0, 1); 1189 // 31933440
5, 3, (2, 2, 2), (0, 2, 0, 0, 1); 169 // 2661120
5, 3, (2, 2, 2), (2, 1, 0, 0, 1); 169 // 1330560
5, 3, (2, 2, 2), (4, 0, 0, 0, 1); 169 // 665280
5, 3, (2, 2, 2), (1, 0, 0, 2, 0); 1189 // 15966720
5, 3, (2, 2, 2), (0, 1, 1, 1, 0); 16739 // 79833600
5, 3, (2, 2, 2), (2, 0, 1, 1, 0); 16739 // 39916800
5, 3, (2, 2, 2), (1, 2, 0, 1, 0); 2503 // 3628800
5, 3, (2, 2, 2), (3, 1, 0, 1, 0); 2503 // 1814400
5, 3, (2, 2, 2), (5, 0, 0, 1, 0); 2503 // 907200
5, 3, (2, 2, 2), (0, 0, 3, 0, 0); 2503 // 7257600
5, 3, (2, 2, 2), (1, 1, 2, 0, 0); 3209 // 2851200
5, 3, (2, 2, 2), (3, 0, 2, 0, 0); 3209 // 1425600
5, 3, (2, 2, 2), (0, 3, 1, 0, 0); 24371 // 13305600
5, 3, (2, 2, 2), (2, 2, 1, 0, 0); 24371 // 6652800
5, 3, (2, 2, 2), (4, 1, 1, 0, 0); 24371 // 3326400
5, 3, (2, 2, 2), (6, 0, 1, 0, 0); 24371 // 1663200
5, 3, (2, 2, 2), (1, 4, 0, 0, 0); 118693 // 19958400
5, 3, (2, 2, 2), (3, 3, 0, 0, 0); 118693 // 9979200
5, 3, (2, 2, 2), (5, 2, 0, 0, 0); 118693 // 4989600
5, 3, (2, 2, 2), (7, 1, 0, 0, 0); 118693 // 2494800
5, 3, (2, 2, 2), (9, 0, 0, 0, 0); 118693 // 1247400
5, 3, (7, 0, 0), (0, 0, 1, 0, 1); 7 // 121651200
5, 3, (7, 0, 0), (1, 1, 0, 0, 1); 659 // 3284582400
5, 3, (7, 0, 0), (3, 0, 0, 0, 1); 659 // 1642291200
5, 3, (7, 0, 0), (0, 0, 0, 2, 0); 7 // 60825600
5, 3, (7, 0, 0), (1, 0, 1, 1, 0); 1 // 1478400
5, 3, (7, 0, 0), (0, 2, 0, 1, 0); 239 // 212889600
5, 3, (7, 0, 0), (2, 1, 0, 1, 0); 239 // 106444800
5, 3, (7, 0, 0), (4, 0, 0, 1, 0); 239 // 53222400
5, 3, (7, 0, 0), (0, 1, 2, 0, 0); 21199 // 11496038400
5, 3, (7, 0, 0), (2, 0, 2, 0, 0); 21199 // 5748019200
5, 3, (7, 0, 0), (1, 2, 1, 0, 0); 2473 // 410572800
5, 3, (7, 0, 0), (3, 1, 1, 0, 0); 2473 // 205286400
5, 3, (7, 0, 0), (5, 0, 1, 0, 0); 2473 // 102643200
5, 3, (7, 0, 0), (0, 4, 0, 0, 0); 28169 // 2874009600
5, 3, (7, 0, 0), (2, 3, 0, 0, 0); 28169 // 1437004800
5, 3, (7, 0, 0), (4, 2, 0, 0, 0); 28169 // 718502400
5, 3, (7, 0, 0), (6, 1, 0, 0, 0); 28169 // 359251200
5, 3, (7, 0, 0), (8, 0, 0, 0, 0); 28169 // 179625600
5, 3, (6, 1, 0), (0, 0, 1, 0, 1); 7 // 12165120
5, 3, (6, 1, 0), (1, 1, 0, 0, 1); 659 // 328458240
5, 3, (6, 1, 0), (3, 0, 0, 0, 1); 659 // 164229120
5, 3, (6, 1, 0), (0, 0, 0, 2, 0); 7 // 6082560
5, 3, (6, 1, 0), (1, 0, 1, 1, 0); 1 // 147840
5, 3, (6, 1, 0), (0, 2, 0, 1, 0); 239 // 21288960
5, 3, (6, 1, 0), (2, 1, 0, 1, 0); 239 // 10644480
5, 3, (6, 1, 0), (4, 0, 0, 1, 0); 239 // 5322240
5, 3, (6, 1, 0), (0, 1, 2, 0, 0); 21199 // 1149603840
5, 3, (6, 1, 0), (2, 0, 2, 0, 0); 21199 // 574801920
5, 3, (6, 1, 0), (1, 2, 1, 0, 0); 2473 // 41057280
5, 3, (6, 1, 0), (3, 1, 1, 0, 0); 2473 // 20528640
5, 3, (6, 1, 0), (5, 0, 1, 0, 0); 2473 // 10264320
5, 3, (6, 1, 0), (0, 4, 0, 0, 0); 28169 // 287400960
5, 3, (6, 1, 0), (2, 3, 0, 0, 0); 28169 // 143700480
5, 3, (6, 1, 0), (4, 2, 0, 0, 0); 28169 // 71850240
5, 3, (6, 1, 0), (6, 1, 0, 0, 0); 28169 // 35925120
5, 3, (6, 1, 0), (8, 0, 0, 0, 0); 28169 // 17962560
5, 3, (5, 2, 0), (0, 0, 1, 0, 1); 14863 // 7664025600
5, 3, (5, 2, 0), (1, 1, 0, 0, 1); 779 // 116121600
5, 3, (5, 2, 0), (3, 0, 0, 0, 1); 779 // 58060800
5, 3, (5, 2, 0), (0, 0, 0, 2, 0); 14863 // 3832012800
5, 3, (5, 2, 0), (1, 0, 1, 1, 0); 171613 // 7664025600
5, 3, (5, 2, 0), (0, 2, 0, 1, 0); 141887 // 3832012800
5, 3, (5, 2, 0), (2, 1, 0, 1, 0); 141887 // 1916006400
5, 3, (5, 2, 0), (4, 0, 0, 1, 0); 141887 // 958003200
5, 3, (5, 2, 0), (0, 1, 2, 0, 0); 5809 // 95800320
5, 3, (5, 2, 0), (2, 0, 2, 0, 0); 5809 // 47900160
5, 3, (5, 2, 0), (1, 2, 1, 0, 0); 12029 // 60825600
5, 3, (5, 2, 0), (3, 1, 1, 0, 0); 12029 // 30412800
5, 3, (5, 2, 0), (5, 0, 1, 0, 0); 12029 // 15206400
5, 3, (5, 2, 0), (0, 4, 0, 0, 0); 30797 // 95800320
5, 3, (5, 2, 0), (2, 3, 0, 0, 0); 30797 // 47900160
5, 3, (5, 2, 0), (4, 2, 0, 0, 0); 30797 // 23950080
5, 3, (5, 2, 0), (6, 1, 0, 0, 0); 30797 // 11975040
5, 3, (5, 2, 0), (8, 0, 0, 0, 0); 30797 // 5987520
5, 3, (4, 3, 0), (0, 0, 1, 0, 1); 12869 // 3832012800
5, 3, (4, 3, 0), (1, 1, 0, 0, 1); 266383 // 22992076800
5, 3, (4, 3, 0), (3, 0, 0, 0, 1); 266383 // 11496038400
5, 3, (4, 3, 0), (0, 0, 0, 2, 0); 12869 // 1916006400
5, 3, (4, 3, 0), (1, 0, 1, 1, 0); 294103 // 7664025600
5, 3, (4, 3, 0), (0, 2, 0, 1, 0); 3151 // 49766400
5, 3, (4, 3, 0), (2, 1, 0, 1, 0); 3151 // 24883200
5, 3, (4, 3, 0), (4, 0, 0, 1, 0); 3151 // 12441600
5, 3, (4, 3, 0), (0, 1, 2, 0, 0); 1189379 // 11496038400
5, 3, (4, 3, 0), (2, 0, 2, 0, 0); 1189379 // 5748019200
5, 3, (4, 3, 0), (1, 2, 1, 0, 0); 553601 // 1642291200
5, 3, (4, 3, 0), (3, 1, 1, 0, 0); 553601 // 821145600
5, 3, (4, 3, 0), (5, 0, 1, 0, 0); 553601 // 410572800
5, 3, (4, 3, 0), (0, 4, 0, 0, 0); 224809 // 410572800
5, 3, (4, 3, 0), (2, 3, 0, 0, 0); 224809 // 205286400
5, 3, (4, 3, 0), (4, 2, 0, 0, 0); 224809 // 102643200
5, 3, (4, 3, 0), (6, 1, 0, 0, 0); 224809 // 51321600
5, 3, (4, 3, 0), (8, 0, 0, 0, 0); 224809 // 25660800
5, 3, (5, 1, 1), (0, 0, 1, 0, 1); 7 // 1351680
5, 3, (5, 1, 1), (1, 1, 0, 0, 1); 659 // 36495360
5, 3, (5, 1, 1), (3, 0, 0, 0, 1); 659 // 18247680
5, 3, (5, 1, 1), (0, 0, 0, 2, 0); 7 // 675840
5, 3, (5, 1, 1), (1, 0, 1, 1, 0); 3 // 49280
5, 3, (5, 1, 1), (0, 2, 0, 1, 0); 239 // 2365440
5, 3, (5, 1, 1), (2, 1, 0, 1, 0); 239 // 1182720
5, 3, (5, 1, 1), (4, 0, 0, 1, 0); 239 // 591360
5, 3, (5, 1, 1), (0, 1, 2, 0, 0); 21199 // 127733760
5, 3, (5, 1, 1), (2, 0, 2, 0, 0); 21199 // 63866880
5, 3, (5, 1, 1), (1, 2, 1, 0, 0); 2473 // 4561920
5, 3, (5, 1, 1), (3, 1, 1, 0, 0); 2473 // 2280960
5, 3, (5, 1, 1), (5, 0, 1, 0, 0); 2473 // 1140480
5, 3, (5, 1, 1), (0, 4, 0, 0, 0); 28169 // 31933440
5, 3, (5, 1, 1), (2, 3, 0, 0, 0); 28169 // 15966720
5, 3, (5, 1, 1), (4, 2, 0, 0, 0); 28169 // 7983360
5, 3, (5, 1, 1), (6, 1, 0, 0, 0); 28169 // 3991680
5, 3, (5, 1, 1), (8, 0, 0, 0, 0); 28169 // 1995840
5, 3, (4, 2, 1), (0, 0, 1, 0, 1); 5447 // 383201280
5, 3, (4, 2, 1), (1, 1, 0, 0, 1); 835 // 17031168
5, 3, (4, 2, 1), (3, 0, 0, 0, 1); 835 // 8515584
5, 3, (4, 2, 1), (0, 0, 0, 2, 0); 5447 // 191600640
5, 3, (4, 2, 1), (1, 0, 1, 1, 0); 17851 // 109486080
5, 3, (4, 2, 1), (0, 2, 0, 1, 0); 9379 // 34836480
5, 3, (4, 2, 1), (2, 1, 0, 1, 0); 9379 // 17418240
5, 3, (4, 2, 1), (4, 0, 0, 1, 0); 9379 // 8709120
5, 3, (4, 2, 1), (0, 1, 2, 0, 0); 24109 // 54743040
5, 3, (4, 2, 1), (2, 0, 2, 0, 0); 24109 // 27371520
5, 3, (4, 2, 1), (1, 2, 1, 0, 0); 5239 // 3649536
5, 3, (4, 2, 1), (3, 1, 1, 0, 0); 5239 // 1824768
5, 3, (4, 2, 1), (5, 0, 1, 0, 0); 5239 // 912384
5, 3, (4, 2, 1), (0, 4, 0, 0, 0); 223463 // 95800320
5, 3, (4, 2, 1), (2, 3, 0, 0, 0); 223463 // 47900160
5, 3, (4, 2, 1), (4, 2, 0, 0, 0); 223463 // 23950080
5, 3, (4, 2, 1), (6, 1, 0, 0, 0); 223463 // 11975040
5, 3, (4, 2, 1), (8, 0, 0, 0, 0); 223463 // 5987520
5, 3, (3, 3, 1), (0, 0, 1, 0, 1); 1237 // 63866880
5, 3, (3, 3, 1), (1, 1, 0, 0, 1); 76829 // 1149603840
5, 3, (3, 3, 1), (3, 0, 0, 0, 1); 76829 // 574801920
5, 3, (3, 3, 1), (0, 0, 0, 2, 0); 1237 // 31933440
5, 3, (3, 3, 1), (1, 0, 1, 1, 0); 9397 // 42577920
5, 3, (3, 3, 1), (0, 2, 0, 1, 0); 2113 // 5806080
5, 3, (3, 3, 1), (2, 1, 0, 1, 0); 2113 // 2903040
5, 3, (3, 3, 1), (4, 0, 0, 1, 0); 2113 // 1451520
5, 3, (3, 3, 1), (0, 1, 2, 0, 0); 68309 // 114960384
5, 3, (3, 3, 1), (2, 0, 2, 0, 0); 68309 // 57480192
5, 3, (3, 3, 1), (1, 2, 1, 0, 0); 158923 // 82114560
5, 3, (3, 3, 1), (3, 1, 1, 0, 0); 158923 // 41057280
5, 3, (3, 3, 1), (5, 0, 1, 0, 0); 158923 // 20528640
5, 3, (3, 3, 1), (0, 4, 0, 0, 0); 451637 // 143700480
5, 3, (3, 3, 1), (2, 3, 0, 0, 0); 451637 // 71850240
5, 3, (3, 3, 1), (4, 2, 0, 0, 0); 451637 // 35925120
5, 3, (3, 3, 1), (6, 1, 0, 0, 0); 451637 // 17962560
5, 3, (3, 3, 1), (8, 0, 0, 0, 0); 451637 // 8981280
5, 3, (3, 2, 2), (0, 0, 1, 0, 1); 11777 // 383201280
5, 3, (3, 2, 2), (1, 1, 0, 0, 1); 44831 // 425779200
5, 3, (3, 2, 2), (3, 0, 0, 0, 1); 44831 // 212889600
5, 3, (3, 2, 2), (0, 0, 0, 2, 0); 11777 // 191600640
5, 3, (3, 2, 2), (1, 0, 1, 1, 0); 189583 // 547430400
5, 3, (3, 2, 2), (0, 2, 0, 1, 0); 33077 // 58060800
5, 3, (3, 2, 2), (2, 1, 0, 1, 0); 33077 // 29030400
5, 3, (3, 2, 2), (4, 0, 0, 1, 0); 33077 // 14515200
5, 3, (3, 2, 2), (0, 1, 2, 0, 0); 84743 // 91238400
5, 3, (3, 2, 2), (2, 0, 2, 0, 0); 84743 // 45619200
5, 3, (3, 2, 2), (1, 2, 1, 0, 0); 827333 // 273715200
5, 3, (3, 2, 2), (3, 1, 1, 0, 0); 827333 // 136857600
5, 3, (3, 2, 2), (5, 0, 1, 0, 0); 827333 // 68428800
5, 3, (3, 2, 2), (0, 4, 0, 0, 0); 469979 // 95800320
5, 3, (3, 2, 2), (2, 3, 0, 0, 0); 469979 // 47900160
5, 3, (3, 2, 2), (4, 2, 0, 0, 0); 469979 // 23950080
5, 3, (3, 2, 2), (6, 1, 0, 0, 0); 469979 // 11975040
5, 3, (3, 2, 2), (8, 0, 0, 0, 0); 469979 // 5987520
5, 3, (8, 0, 0), (0, 1, 0, 0, 1); 7883 // 91968307200
5, 3, (8, 0, 0), (2, 0, 0, 0, 1); 7883 // 45984153600
5, 3, (8, 0, 0), (0, 0, 1, 1, 0); 23 // 79626240
5, 3, (8, 0, 0), (1, 1, 0, 1, 0); 29453 // 30656102400
5, 3, (8, 0, 0), (3, 0, 0, 1, 0); 29453 // 15328051200
5, 3, (8, 0, 0), (1, 0, 2, 0, 0); 72593 // 45984153600
5, 3, (8, 0, 0), (0, 2, 1, 0, 0); 118621 // 45984153600
5, 3, (8, 0, 0), (2, 1, 1, 0, 0); 118621 // 22992076800
5, 3, (8, 0, 0), (4, 0, 1, 0, 0); 118621 // 11496038400
5, 3, (8, 0, 0), (1, 3, 0, 0, 0); 15445 // 1839366144
5, 3, (8, 0, 0), (3, 2, 0, 0, 0); 15445 // 919683072
5, 3, (8, 0, 0), (5, 1, 0, 0, 0); 15445 // 459841536
5, 3, (8, 0, 0), (7, 0, 0, 0, 0); 15445 // 229920768
5, 3, (7, 1, 0), (0, 1, 0, 0, 1); 7883 // 9196830720
5, 3, (7, 1, 0), (2, 0, 0, 0, 1); 7883 // 4598415360
5, 3, (7, 1, 0), (0, 0, 1, 1, 0); 23 // 7962624
5, 3, (7, 1, 0), (1, 1, 0, 1, 0); 29453 // 3065610240
5, 3, (7, 1, 0), (3, 0, 0, 1, 0); 29453 // 1532805120
5, 3, (7, 1, 0), (1, 0, 2, 0, 0); 72593 // 4598415360
5, 3, (7, 1, 0), (0, 2, 1, 0, 0); 118621 // 4598415360
5, 3, (7, 1, 0), (2, 1, 1, 0, 0); 118621 // 2299207680
5, 3, (7, 1, 0), (4, 0, 1, 0, 0); 118621 // 1149603840
5, 3, (7, 1, 0), (1, 3, 0, 0, 0); 77225 // 919683072
5, 3, (7, 1, 0), (3, 2, 0, 0, 0); 77225 // 459841536
5, 3, (7, 1, 0), (5, 1, 0, 0, 0); 77225 // 229920768
5, 3, (7, 1, 0), (7, 0, 0, 0, 0); 77225 // 114960384
5, 3, (6, 2, 0), (0, 1, 0, 0, 1); 296063 // 91968307200
5, 3, (6, 2, 0), (2, 0, 0, 0, 1); 296063 // 45984153600
5, 3, (6, 2, 0), (0, 0, 1, 1, 0); 328439 // 30656102400
5, 3, (6, 2, 0), (1, 1, 0, 1, 0); 3260287 // 91968307200
5, 3, (6, 2, 0), (3, 0, 0, 1, 0); 3260287 // 45984153600
5, 3, (6, 2, 0), (1, 0, 2, 0, 0); 889387 // 15328051200
5, 3, (6, 2, 0), (0, 2, 1, 0, 0); 96689 // 1021870080
5, 3, (6, 2, 0), (2, 1, 1, 0, 0); 96689 // 510935040
5, 3, (6, 2, 0), (4, 0, 1, 0, 0); 96689 // 255467520
5, 3, (6, 2, 0), (1, 3, 0, 0, 0); 14143733 // 45984153600
5, 3, (6, 2, 0), (3, 2, 0, 0, 0); 14143733 // 22992076800
5, 3, (6, 2, 0), (5, 1, 0, 0, 0); 14143733 // 11496038400
5, 3, (6, 2, 0), (7, 0, 0, 0, 0); 14143733 // 5748019200
5, 3, (5, 3, 0), (0, 1, 0, 0, 1); 304267 // 45984153600
5, 3, (5, 3, 0), (2, 0, 0, 0, 1); 304267 // 22992076800
5, 3, (5, 3, 0), (0, 0, 1, 1, 0); 66701 // 3065610240
5, 3, (5, 3, 0), (1, 1, 0, 1, 0); 300061 // 4180377600
5, 3, (5, 3, 0), (3, 0, 0, 1, 0); 300061 // 2090188800
5, 3, (5, 3, 0), (1, 0, 2, 0, 0); 128197 // 1094860800
5, 3, (5, 3, 0), (0, 2, 1, 0, 0); 1461253 // 7664025600
5, 3, (5, 3, 0), (2, 1, 1, 0, 0); 1461253 // 3832012800
5, 3, (5, 3, 0), (4, 0, 1, 0, 0); 1461253 // 1916006400
5, 3, (5, 3, 0), (1, 3, 0, 0, 0); 2846873 // 4598415360
5, 3, (5, 3, 0), (3, 2, 0, 0, 0); 2846873 // 2299207680
5, 3, (5, 3, 0), (5, 1, 0, 0, 0); 2846873 // 1149603840
5, 3, (5, 3, 0), (7, 0, 0, 0, 0); 2846873 // 574801920
5, 3, (4, 4, 0), (0, 1, 0, 0, 1); 3043 // 364953600
5, 3, (4, 4, 0), (2, 0, 0, 0, 1); 3043 // 182476800
5, 3, (4, 4, 0), (0, 0, 1, 1, 0); 23237 // 851558400
5, 3, (4, 4, 0), (1, 1, 0, 1, 0); 8953 // 99532800
5, 3, (4, 4, 0), (3, 0, 0, 1, 0); 8953 // 49766400
5, 3, (4, 4, 0), (1, 0, 2, 0, 0); 3209 // 21897216
5, 3, (4, 4, 0), (0, 2, 1, 0, 0); 914017 // 3832012800
5, 3, (4, 4, 0), (2, 1, 1, 0, 0); 914017 // 1916006400
5, 3, (4, 4, 0), (4, 0, 1, 0, 0); 914017 // 958003200
5, 3, (4, 4, 0), (1, 3, 0, 0, 0); 2966687 // 3832012800
5, 3, (4, 4, 0), (3, 2, 0, 0, 0); 2966687 // 1916006400
5, 3, (4, 4, 0), (5, 1, 0, 0, 0); 2966687 // 958003200
5, 3, (4, 4, 0), (7, 0, 0, 0, 0); 2966687 // 479001600
5, 3, (6, 1, 1), (0, 1, 0, 0, 1); 7883 // 1021870080
5, 3, (6, 1, 1), (2, 0, 0, 0, 1); 7883 // 510935040
5, 3, (6, 1, 1), (0, 0, 1, 1, 0); 23 // 884736
5, 3, (6, 1, 1), (1, 1, 0, 1, 0); 29453 // 340623360
5, 3, (6, 1, 1), (3, 0, 0, 1, 0); 29453 // 170311680
5, 3, (6, 1, 1), (1, 0, 2, 0, 0); 72593 // 510935040
5, 3, (6, 1, 1), (0, 2, 1, 0, 0); 118621 // 510935040
5, 3, (6, 1, 1), (2, 1, 1, 0, 0); 118621 // 255467520
5, 3, (6, 1, 1), (4, 0, 1, 0, 0); 118621 // 127733760
5, 3, (6, 1, 1), (1, 3, 0, 0, 0); 77225 // 102187008
5, 3, (6, 1, 1), (3, 2, 0, 0, 0); 77225 // 51093504
5, 3, (6, 1, 1), (5, 1, 0, 0, 0); 77225 // 25546752
5, 3, (6, 1, 1), (7, 0, 0, 0, 0); 77225 // 12773376
5, 3, (5, 2, 1), (0, 1, 0, 0, 1); 56279 // 2299207680
5, 3, (5, 2, 1), (2, 0, 0, 0, 1); 56279 // 1149603840
5, 3, (5, 2, 1), (0, 0, 1, 1, 0); 31093 // 383201280
5, 3, (5, 2, 1), (1, 1, 0, 1, 0); 7003 // 26127360
5, 3, (5, 2, 1), (3, 0, 0, 1, 0); 7003 // 13063680
5, 3, (5, 2, 1), (1, 0, 2, 0, 0); 11993 // 27371520
5, 3, (5, 2, 1), (0, 2, 1, 0, 0); 563 // 788480
5, 3, (5, 2, 1), (2, 1, 1, 0, 0); 563 // 394240
5, 3, (5, 2, 1), (4, 0, 1, 0, 0); 563 // 197120
5, 3, (5, 2, 1), (1, 3, 0, 0, 0); 166697 // 71850240
5, 3, (5, 2, 1), (3, 2, 0, 0, 0); 166697 // 35925120
5, 3, (5, 2, 1), (5, 1, 0, 0, 0); 166697 // 17962560
5, 3, (5, 2, 1), (7, 0, 0, 0, 0); 166697 // 8981280
5, 3, (4, 3, 1), (0, 1, 0, 0, 1); 3043 // 72990720
5, 3, (4, 3, 1), (2, 0, 0, 0, 1); 3043 // 36495360
5, 3, (4, 3, 1), (0, 0, 1, 1, 0); 23237 // 170311680
5, 3, (4, 3, 1), (1, 1, 0, 1, 0); 8953 // 19906560
5, 3, (4, 3, 1), (3, 0, 0, 1, 0); 8953 // 9953280
5, 3, (4, 3, 1), (1, 0, 2, 0, 0); 16045 // 21897216
5, 3, (4, 3, 1), (0, 2, 1, 0, 0); 914017 // 766402560
5, 3, (4, 3, 1), (2, 1, 1, 0, 0); 914017 // 383201280
5, 3, (4, 3, 1), (4, 0, 1, 0, 0); 914017 // 191600640
5, 3, (4, 3, 1), (1, 3, 0, 0, 0); 2966687 // 766402560
5, 3, (4, 3, 1), (3, 2, 0, 0, 0); 2966687 // 383201280
5, 3, (4, 3, 1), (5, 1, 0, 0, 0); 2966687 // 191600640
5, 3, (4, 3, 1), (7, 0, 0, 0, 0); 2966687 // 95800320
5, 3, (4, 2, 2), (0, 1, 0, 0, 1); 123481 // 1916006400
5, 3, (4, 2, 2), (2, 0, 0, 0, 1); 123481 // 958003200
5, 3, (4, 2, 2), (0, 0, 1, 1, 0); 44761 // 212889600
5, 3, (4, 2, 2), (1, 1, 0, 1, 0); 361091 // 522547200
5, 3, (4, 2, 2), (3, 0, 0, 1, 0); 361091 // 261273600
5, 3, (4, 2, 2), (1, 0, 2, 0, 0); 646223 // 574801920
5, 3, (4, 2, 2), (0, 2, 1, 0, 0); 5253683 // 2874009600
5, 3, (4, 2, 2), (2, 1, 1, 0, 0); 5253683 // 1437004800
5, 3, (4, 2, 2), (4, 0, 1, 0, 0); 5253683 // 718502400
5, 3, (4, 2, 2), (1, 3, 0, 0, 0); 17042731 // 2874009600
5, 3, (4, 2, 2), (3, 2, 0, 0, 0); 17042731 // 1437004800
5, 3, (4, 2, 2), (5, 1, 0, 0, 0); 17042731 // 718502400
5, 3, (4, 2, 2), (7, 0, 0, 0, 0); 17042731 // 359251200
5, 3, (3, 3, 2), (0, 1, 0, 0, 1); 121463 // 1393459200
5, 3, (3, 3, 2), (2, 0, 0, 0, 1); 121463 // 696729600
5, 3, (3, 3, 2), (0, 0, 1, 1, 0); 26219 // 92897280
5, 3, (3, 3, 2), (1, 1, 0, 1, 0); 154901 // 167215104
5, 3, (3, 3, 2), (3, 0, 0, 1, 0); 154901 // 83607552
5, 3, (3, 3, 2), (1, 0, 2, 0, 0); 3143747 // 2090188800
5, 3, (3, 3, 2), (0, 2, 1, 0, 0); 5107639 // 2090188800
5, 3, (3, 3, 2), (2, 1, 1, 0, 0); 5107639 // 1045094400
5, 3, (3, 3, 2), (4, 0, 1, 0, 0); 5107639 // 522547200
5, 3, (3, 3, 2), (1, 3, 0, 0, 0); 2365433 // 298598400
5, 3, (3, 3, 2), (3, 2, 0, 0, 0); 2365433 // 149299200
5, 3, (3, 3, 2), (5, 1, 0, 0, 0); 2365433 // 74649600
5, 3, (3, 3, 2), (7, 0, 0, 0, 0); 2365433 // 37324800
5, 3, (9, 0, 0), (1, 0, 0, 0, 1); 5851 // 91968307200
5, 3, (9, 0, 0), (0, 1, 0, 1, 0); 32323 // 91968307200
5, 3, (9, 0, 0), (2, 0, 0, 1, 0); 32323 // 45984153600
5, 3, (9, 0, 0), (0, 0, 2, 0, 0); 1103 // 1916006400
5, 3, (9, 0, 0), (1, 1, 1, 0, 0); 172847 // 91968307200
5, 3, (9, 0, 0), (3, 0, 1, 0, 0); 172847 // 45984153600
5, 3, (9, 0, 0), (0, 3, 0, 0, 0); 35131 // 11496038400
5, 3, (9, 0, 0), (2, 2, 0, 0, 0); 35131 // 5748019200
5, 3, (9, 0, 0), (4, 1, 0, 0, 0); 35131 // 2874009600
5, 3, (9, 0, 0), (6, 0, 0, 0, 0); 35131 // 1437004800
5, 3, (8, 1, 0), (1, 0, 0, 0, 1); 5851 // 9196830720
5, 3, (8, 1, 0), (0, 1, 0, 1, 0); 32323 // 9196830720
5, 3, (8, 1, 0), (2, 0, 0, 1, 0); 32323 // 4598415360
5, 3, (8, 1, 0), (0, 0, 2, 0, 0); 1103 // 191600640
5, 3, (8, 1, 0), (1, 1, 1, 0, 0); 172847 // 9196830720
5, 3, (8, 1, 0), (3, 0, 1, 0, 0); 172847 // 4598415360
5, 3, (8, 1, 0), (0, 3, 0, 0, 0); 35131 // 1149603840
5, 3, (8, 1, 0), (2, 2, 0, 0, 0); 35131 // 574801920
5, 3, (8, 1, 0), (4, 1, 0, 0, 0); 35131 // 287400960
5, 3, (8, 1, 0), (6, 0, 0, 0, 0); 35131 // 143700480
5, 3, (7, 2, 0), (1, 0, 0, 0, 1); 26893 // 10218700800
5, 3, (7, 2, 0), (0, 1, 0, 1, 0); 217991 // 15328051200
5, 3, (7, 2, 0), (2, 0, 0, 1, 0); 217991 // 7664025600
5, 3, (7, 2, 0), (0, 0, 2, 0, 0); 355303 // 15328051200
5, 3, (7, 2, 0), (1, 1, 1, 0, 0); 6941611 // 91968307200
5, 3, (7, 2, 0), (3, 0, 1, 0, 0); 6941611 // 45984153600
5, 3, (7, 2, 0), (0, 3, 0, 0, 0); 1126733 // 9196830720
5, 3, (7, 2, 0), (2, 2, 0, 0, 0); 1126733 // 4598415360
5, 3, (7, 2, 0), (4, 1, 0, 0, 0); 1126733 // 2299207680
5, 3, (7, 2, 0), (6, 0, 0, 0, 0); 1126733 // 1149603840
5, 3, (6, 3, 0), (1, 0, 0, 0, 1); 81889 // 13138329600
5, 3, (6, 3, 0), (0, 1, 0, 1, 0); 3035617 // 91968307200
5, 3, (6, 3, 0), (2, 0, 0, 1, 0); 3035617 // 45984153600
5, 3, (6, 3, 0), (0, 0, 2, 0, 0); 37309 // 696729600
5, 3, (6, 3, 0), (1, 1, 1, 0, 0); 16007311 // 91968307200
5, 3, (6, 3, 0), (3, 0, 1, 0, 0); 16007311 // 45984153600
5, 3, (6, 3, 0), (0, 3, 0, 0, 0); 2161949 // 7664025600
5, 3, (6, 3, 0), (2, 2, 0, 0, 0); 2161949 // 3832012800
5, 3, (6, 3, 0), (4, 1, 0, 0, 0); 2161949 // 1916006400
5, 3, (6, 3, 0), (6, 0, 0, 0, 0); 2161949 // 958003200
5, 3, (5, 4, 0), (1, 0, 0, 0, 1); 24713 // 2627665920
5, 3, (5, 4, 0), (0, 1, 0, 1, 0); 566537 // 11496038400
5, 3, (5, 4, 0), (2, 0, 0, 1, 0); 566537 // 5748019200
5, 3, (5, 4, 0), (0, 0, 2, 0, 0); 1222447 // 15328051200
5, 3, (5, 4, 0), (1, 1, 1, 0, 0); 7941763 // 30656102400
5, 3, (5, 4, 0), (3, 0, 1, 0, 0); 7941763 // 15328051200
5, 3, (5, 4, 0), (0, 3, 0, 0, 0); 19292993 // 45984153600
5, 3, (5, 4, 0), (2, 2, 0, 0, 0); 19292993 // 22992076800
5, 3, (5, 4, 0), (4, 1, 0, 0, 0); 19292993 // 11496038400
5, 3, (5, 4, 0), (6, 0, 0, 0, 0); 19292993 // 5748019200
5, 3, (7, 1, 1), (1, 0, 0, 0, 1); 5851 // 1021870080
5, 3, (7, 1, 1), (0, 1, 0, 1, 0); 32323 // 1021870080
5, 3, (7, 1, 1), (2, 0, 0, 1, 0); 32323 // 510935040
5, 3, (7, 1, 1), (0, 0, 2, 0, 0); 1103 // 21288960
5, 3, (7, 1, 1), (1, 1, 1, 0, 0); 172847 // 1021870080
5, 3, (7, 1, 1), (3, 0, 1, 0, 0); 172847 // 510935040
5, 3, (7, 1, 1), (0, 3, 0, 0, 0); 35131 // 127733760
5, 3, (7, 1, 1), (2, 2, 0, 0, 0); 35131 // 63866880
5, 3, (7, 1, 1), (4, 1, 0, 0, 0); 35131 // 31933440
5, 3, (7, 1, 1), (6, 0, 0, 0, 0); 35131 // 15966720
5, 3, (6, 2, 1), (1, 0, 0, 0, 1); 167 // 8110080
5, 3, (6, 2, 1), (0, 1, 0, 1, 0); 339013 // 3065610240
5, 3, (6, 2, 1), (2, 0, 0, 1, 0); 339013 // 1532805120
5, 3, (6, 2, 1), (0, 0, 2, 0, 0); 275887 // 1532805120
5, 3, (6, 2, 1), (1, 1, 1, 0, 0); 1346497 // 2299207680
5, 3, (6, 2, 1), (3, 0, 1, 0, 0); 1346497 // 1149603840
5, 3, (6, 2, 1), (0, 3, 0, 0, 0); 4368949 // 4598415360
5, 3, (6, 2, 1), (2, 2, 0, 0, 0); 4368949 // 2299207680
5, 3, (6, 2, 1), (4, 1, 0, 0, 0); 4368949 // 1149603840
5, 3, (6, 2, 1), (6, 0, 0, 0, 0); 4368949 // 574801920
5, 3, (5, 3, 1), (1, 0, 0, 0, 1); 997 // 23887872
5, 3, (5, 3, 1), (0, 1, 0, 1, 0); 1009289 // 4598415360
5, 3, (5, 3, 1), (2, 0, 0, 1, 0); 1009289 // 2299207680
5, 3, (5, 3, 1), (0, 0, 2, 0, 0); 181637 // 510935040
5, 3, (5, 3, 1), (1, 1, 1, 0, 0); 1180147 // 1021870080
5, 3, (5, 3, 1), (3, 0, 1, 0, 0); 1180147 // 510935040
5, 3, (5, 3, 1), (0, 3, 0, 0, 0); 1720549 // 919683072
5, 3, (5, 3, 1), (2, 2, 0, 0, 0); 1720549 // 459841536
5, 3, (5, 3, 1), (4, 1, 0, 0, 0); 1720549 // 229920768
5, 3, (5, 3, 1), (6, 0, 0, 0, 0); 1720549 // 114960384
5, 3, (4, 4, 1), (1, 0, 0, 0, 1); 2291 // 43794432
5, 3, (4, 4, 1), (0, 1, 0, 1, 0); 139651 // 510935040
5, 3, (4, 4, 1), (2, 0, 0, 1, 0); 139651 // 255467520
5, 3, (4, 4, 1), (0, 0, 2, 0, 0); 21173 // 47900160
5, 3, (4, 4, 1), (1, 1, 1, 0, 0); 2200661 // 1532805120
5, 3, (4, 4, 1), (3, 0, 1, 0, 0); 2200661 // 766402560
5, 3, (4, 4, 1), (0, 3, 0, 0, 0); 445427 // 191600640
5, 3, (4, 4, 1), (2, 2, 0, 0, 0); 445427 // 95800320
5, 3, (4, 4, 1), (4, 1, 0, 0, 0); 445427 // 47900160
5, 3, (4, 4, 1), (6, 0, 0, 0, 0); 445427 // 23950080
5, 3, (5, 2, 2), (1, 0, 0, 0, 1); 27779 // 437944320
5, 3, (5, 2, 2), (0, 1, 0, 1, 0); 9409 // 28385280
5, 3, (5, 2, 2), (2, 0, 0, 1, 0); 9409 // 14192640
5, 3, (5, 2, 2), (0, 0, 2, 0, 0); 821719 // 1532805120
5, 3, (5, 2, 2), (1, 1, 1, 0, 0); 26662219 // 15328051200
5, 3, (5, 2, 2), (3, 0, 1, 0, 0); 26662219 // 7664025600
5, 3, (5, 2, 2), (0, 3, 0, 0, 0); 21581359 // 7664025600
5, 3, (5, 2, 2), (2, 2, 0, 0, 0); 21581359 // 3832012800
5, 3, (5, 2, 2), (4, 1, 0, 0, 0); 21581359 // 1916006400
5, 3, (5, 2, 2), (6, 0, 0, 0, 0); 21581359 // 958003200
5, 3, (4, 3, 2), (1, 0, 0, 0, 1); 93569 // 875888640
5, 3, (4, 3, 2), (0, 1, 0, 1, 0); 100249 // 182476800
5, 3, (4, 3, 2), (2, 0, 0, 1, 0); 100249 // 91238400
5, 3, (4, 3, 2), (0, 0, 2, 0, 0); 1938131 // 2189721600
5, 3, (4, 3, 2), (1, 1, 1, 0, 0); 263835707 // 91968307200
5, 3, (4, 3, 2), (3, 0, 1, 0, 0); 263835707 // 45984153600
5, 3, (4, 3, 2), (0, 3, 0, 0, 0); 213310211 // 45984153600
5, 3, (4, 3, 2), (2, 2, 0, 0, 0); 213310211 // 22992076800
5, 3, (4, 3, 2), (4, 1, 0, 0, 0); 213310211 // 11496038400
5, 3, (4, 3, 2), (6, 0, 0, 0, 0); 213310211 // 5748019200
5, 3, (3, 3, 3), (1, 0, 0, 0, 1); 10477 // 72990720
5, 3, (3, 3, 3), (0, 1, 0, 1, 0); 3735869 // 5109350400
5, 3, (3, 3, 3), (2, 0, 0, 1, 0); 3735869 // 2554675200
5, 3, (3, 3, 3), (0, 0, 2, 0, 0); 3002479 // 2554675200
5, 3, (3, 3, 3), (1, 1, 1, 0, 0); 2916953 // 766402560
5, 3, (3, 3, 3), (3, 0, 1, 0, 0); 2916953 // 383201280
5, 3, (3, 3, 3), (0, 3, 0, 0, 0); 47131453 // 7664025600
5, 3, (3, 3, 3), (2, 2, 0, 0, 0); 47131453 // 3832012800
5, 3, (3, 3, 3), (4, 1, 0, 0, 0); 47131453 // 1916006400
5, 3, (3, 3, 3), (6, 0, 0, 0, 0); 47131453 // 958003200
5, 3, (10, 0, 0), (0, 0, 0, 0, 1); 73 // 3503554560
5, 3, (10, 0, 0), (1, 0, 0, 1, 0); 81089 // 367873228800
5, 3, (10, 0, 0), (0, 1, 1, 0, 0); 35669 // 61312204800
5, 3, (10, 0, 0), (2, 0, 1, 0, 0); 35669 // 30656102400
5, 3, (10, 0, 0), (1, 2, 0, 0, 0); 346939 // 183936614400
5, 3, (10, 0, 0), (3, 1, 0, 0, 0); 346939 // 91968307200
5, 3, (10, 0, 0), (5, 0, 0, 0, 0); 346939 // 45984153600
5, 3, (9, 1, 0), (0, 0, 0, 0, 1); 73 // 350355456
5, 3, (9, 1, 0), (1, 0, 0, 1, 0); 81089 // 36787322880
5, 3, (9, 1, 0), (0, 1, 1, 0, 0); 35669 // 6131220480
5, 3, (9, 1, 0), (2, 0, 1, 0, 0); 35669 // 3065610240
5, 3, (9, 1, 0), (1, 2, 0, 0, 0); 346939 // 18393661440
5, 3, (9, 1, 0), (3, 1, 0, 0, 0); 346939 // 9196830720
5, 3, (9, 1, 0), (5, 0, 0, 0, 0); 346939 // 4598415360
5, 3, (8, 2, 0), (0, 0, 0, 0, 1); 73 // 77856768
5, 3, (8, 2, 0), (1, 0, 0, 1, 0); 3547609 // 367873228800
5, 3, (8, 2, 0), (0, 1, 1, 0, 0); 1545679 // 61312204800
5, 3, (8, 2, 0), (2, 0, 1, 0, 0); 1545679 // 30656102400
5, 3, (8, 2, 0), (1, 2, 0, 0, 0); 15000539 // 183936614400
5, 3, (8, 2, 0), (3, 1, 0, 0, 0); 15000539 // 91968307200
5, 3, (8, 2, 0), (5, 0, 0, 0, 0); 15000539 // 45984153600
5, 3, (7, 3, 0), (0, 0, 0, 0, 1); 73 // 29196288
5, 3, (7, 3, 0), (1, 0, 0, 1, 0); 104821 // 4180377600
5, 3, (7, 3, 0), (0, 1, 1, 0, 0); 498469 // 7664025600
5, 3, (7, 3, 0), (2, 0, 1, 0, 0); 498469 // 3832012800
5, 3, (7, 3, 0), (1, 2, 0, 0, 0); 4828597 // 22992076800
5, 3, (7, 3, 0), (3, 1, 0, 0, 0); 4828597 // 11496038400
5, 3, (7, 3, 0), (5, 0, 0, 0, 0); 4828597 // 5748019200
5, 3, (6, 4, 0), (0, 0, 0, 0, 1); 511 // 116785152
5, 3, (6, 4, 0), (1, 0, 0, 1, 0); 2647297 // 61312204800
5, 3, (6, 4, 0), (0, 1, 1, 0, 0); 244249 // 2189721600
5, 3, (6, 4, 0), (2, 0, 1, 0, 0); 244249 // 1094860800
5, 3, (6, 4, 0), (1, 2, 0, 0, 0); 11030647 // 30656102400
5, 3, (6, 4, 0), (3, 1, 0, 0, 0); 11030647 // 15328051200
5, 3, (6, 4, 0), (5, 0, 0, 0, 0); 11030647 // 7664025600
5, 3, (5, 5, 0), (0, 0, 0, 0, 1); 511 // 97320960
5, 3, (5, 5, 0), (1, 0, 0, 1, 0); 75217 // 1459814400
5, 3, (5, 5, 0), (0, 1, 1, 0, 0); 679313 // 5109350400
5, 3, (5, 5, 0), (2, 0, 1, 0, 0); 679313 // 2554675200
5, 3, (5, 5, 0), (1, 2, 0, 0, 0); 2190733 // 5109350400
5, 3, (5, 5, 0), (3, 1, 0, 0, 0); 2190733 // 2554675200
5, 3, (5, 5, 0), (5, 0, 0, 0, 0); 2190733 // 1277337600
5, 3, (8, 1, 1), (0, 0, 0, 0, 1); 73 // 38928384
5, 3, (8, 1, 1), (1, 0, 0, 1, 0); 81089 // 4087480320
5, 3, (8, 1, 1), (0, 1, 1, 0, 0); 35669 // 681246720
5, 3, (8, 1, 1), (2, 0, 1, 0, 0); 35669 // 340623360
5, 3, (8, 1, 1), (1, 2, 0, 0, 0); 346939 // 2043740160
5, 3, (8, 1, 1), (3, 1, 0, 0, 0); 346939 // 1021870080
5, 3, (8, 1, 1), (5, 0, 0, 0, 0); 346939 // 510935040
5, 3, (7, 2, 1), (0, 0, 0, 0, 1); 73 // 9732096
5, 3, (7, 2, 1), (1, 0, 0, 1, 0); 25159 // 328458240
5, 3, (7, 2, 1), (0, 1, 1, 0, 0); 612329 // 3065610240
5, 3, (7, 2, 1), (2, 0, 1, 0, 0); 612329 // 1532805120
5, 3, (7, 2, 1), (1, 2, 0, 0, 0); 1484761 // 2299207680
5, 3, (7, 2, 1), (3, 1, 0, 0, 0); 1484761 // 1149603840
5, 3, (7, 2, 1), (5, 0, 0, 0, 0); 1484761 // 574801920
5, 3, (6, 3, 1), (0, 0, 0, 0, 1); 511 // 29196288
5, 3, (6, 3, 1), (1, 0, 0, 1, 0); 53387 // 306561024
5, 3, (6, 3, 1), (0, 1, 1, 0, 0); 1381547 // 3065610240
5, 3, (6, 3, 1), (2, 0, 1, 0, 0); 1381547 // 1532805120
5, 3, (6, 3, 1), (1, 2, 0, 0, 0); 278653 // 191600640
5, 3, (6, 3, 1), (3, 1, 0, 0, 0); 278653 // 95800320
5, 3, (6, 3, 1), (5, 0, 0, 0, 0); 278653 // 47900160
5, 3, (5, 4, 1), (0, 0, 0, 0, 1); 511 // 19464192
5, 3, (5, 4, 1), (1, 0, 0, 1, 0); 75217 // 291962880
5, 3, (5, 4, 1), (0, 1, 1, 0, 0); 679313 // 1021870080
5, 3, (5, 4, 1), (2, 0, 1, 0, 0); 679313 // 510935040
5, 3, (5, 4, 1), (1, 2, 0, 0, 0); 2190733 // 1021870080
5, 3, (5, 4, 1), (3, 1, 0, 0, 0); 2190733 // 510935040
5, 3, (5, 4, 1), (5, 0, 0, 0, 0); 2190733 // 255467520
5, 3, (6, 2, 2), (0, 0, 0, 0, 1); 511 // 19464192
5, 3, (6, 2, 2), (1, 0, 0, 1, 0); 23821877 // 91968307200
5, 3, (6, 2, 2), (0, 1, 1, 0, 0); 182801 // 273715200
5, 3, (6, 2, 2), (2, 0, 1, 0, 0); 182801 // 136857600
5, 3, (6, 2, 2), (1, 2, 0, 0, 0); 19804079 // 9196830720
5, 3, (6, 2, 2), (3, 1, 0, 0, 0); 19804079 // 4598415360
5, 3, (6, 2, 2), (5, 0, 0, 0, 0); 19804079 // 2299207680
5, 3, (5, 3, 2), (0, 0, 0, 0, 1); 511 // 9732096
5, 3, (5, 3, 2), (1, 0, 0, 1, 0); 23282659 // 45984153600
5, 3, (5, 3, 2), (0, 1, 1, 0, 0); 1988527 // 1532805120
5, 3, (5, 3, 2), (2, 0, 1, 0, 0); 1988527 // 766402560
5, 3, (5, 3, 2), (1, 2, 0, 0, 0); 13718423 // 3284582400
5, 3, (5, 3, 2), (3, 1, 0, 0, 0); 13718423 // 1642291200
5, 3, (5, 3, 2), (5, 0, 0, 0, 0); 13718423 // 821145600
5, 3, (4, 4, 2), (0, 0, 0, 0, 1); 2555 // 38928384
5, 3, (4, 4, 2), (1, 0, 0, 1, 0); 855517 // 1362493440
5, 3, (4, 4, 2), (0, 1, 1, 0, 0); 16412959 // 10218700800
5, 3, (4, 4, 2), (2, 0, 1, 0, 0); 16412959 // 5109350400
5, 3, (4, 4, 2), (1, 2, 0, 0, 0); 7545583 // 1459814400
5, 3, (4, 4, 2), (3, 1, 0, 0, 0); 7545583 // 729907200
5, 3, (4, 4, 2), (5, 0, 0, 0, 0); 7545583 // 364953600
5, 3, (4, 3, 3), (0, 0, 0, 0, 1); 2555 // 29196288
5, 3, (4, 3, 3), (1, 0, 0, 1, 0); 1059763 // 1277337600
5, 3, (4, 3, 3), (0, 1, 1, 0, 0); 4631659 // 2189721600
5, 3, (4, 3, 3), (2, 0, 1, 0, 0); 4631659 // 1094860800
5, 3, (4, 3, 3), (1, 2, 0, 0, 0); 5212607 // 766402560
5, 3, (4, 3, 3), (3, 1, 0, 0, 0); 5212607 // 383201280
5, 3, (4, 3, 3), (5, 0, 0, 0, 0); 5212607 // 191600640
5, 3, (11, 0, 0), (0, 0, 0, 1, 0); 21481 // 367873228800
5, 3, (11, 0, 0), (1, 0, 1, 0, 0); 923 // 3065610240
5, 3, (11, 0, 0), (0, 2, 0, 0, 0); 89279 // 183936614400
5, 3, (11, 0, 0), (2, 1, 0, 0, 0); 89279 // 91968307200
5, 3, (11, 0, 0), (4, 0, 0, 0, 0); 89279 // 45984153600
5, 3, (10, 1, 0), (0, 0, 0, 1, 0); 21481 // 36787322880
5, 3, (10, 1, 0), (1, 0, 1, 0, 0); 923 // 306561024
5, 3, (10, 1, 0), (0, 2, 0, 0, 0); 89279 // 18393661440
5, 3, (10, 1, 0), (2, 1, 0, 0, 0); 89279 // 9196830720
5, 3, (10, 1, 0), (4, 0, 0, 0, 0); 89279 // 4598415360
5, 3, (9, 2, 0), (0, 0, 0, 1, 0); 33499 // 12262440960
5, 3, (9, 2, 0), (1, 0, 1, 0, 0); 1280957 // 91968307200
5, 3, (9, 2, 0), (0, 2, 0, 0, 0); 2059429 // 91968307200
5, 3, (9, 2, 0), (2, 1, 0, 0, 0); 2059429 // 45984153600
5, 3, (9, 2, 0), (4, 0, 0, 0, 0); 2059429 // 22992076800
5, 3, (8, 3, 0), (0, 0, 0, 1, 0); 2875837 // 367873228800
5, 3, (8, 3, 0), (1, 0, 1, 0, 0); 259819 // 6569164800
5, 3, (8, 3, 0), (0, 2, 0, 0, 0); 11674027 // 183936614400
5, 3, (8, 3, 0), (2, 1, 0, 0, 0); 11674027 // 91968307200
5, 3, (8, 3, 0), (4, 0, 0, 0, 0); 11674027 // 45984153600
5, 3, (7, 4, 0), (0, 0, 0, 1, 0); 2788937 // 183936614400
5, 3, (7, 4, 0), (1, 0, 1, 0, 0); 5231 // 68428800
5, 3, (7, 4, 0), (0, 2, 0, 0, 0); 11271991 // 91968307200
5, 3, (7, 4, 0), (2, 1, 0, 0, 0); 11271991 // 45984153600
5, 3, (7, 4, 0), (4, 0, 0, 0, 0); 11271991 // 22992076800
5, 3, (6, 5, 0), (0, 0, 0, 1, 0); 18313 // 875888640
5, 3, (6, 5, 0), (1, 0, 1, 0, 0); 9682291 // 91968307200
5, 3, (6, 5, 0), (0, 2, 0, 0, 0); 3879713 // 22992076800
5, 3, (6, 5, 0), (2, 1, 0, 0, 0); 3879713 // 11496038400
5, 3, (6, 5, 0), (4, 0, 0, 0, 0); 3879713 // 5748019200
5, 3, (9, 1, 1), (0, 0, 0, 1, 0); 21481 // 4087480320
5, 3, (9, 1, 1), (1, 0, 1, 0, 0); 923 // 34062336
5, 3, (9, 1, 1), (0, 2, 0, 0, 0); 89279 // 2043740160
5, 3, (9, 1, 1), (2, 1, 0, 0, 0); 89279 // 1021870080
5, 3, (9, 1, 1), (4, 0, 0, 0, 0); 89279 // 510935040
5, 3, (8, 2, 1), (0, 0, 0, 1, 0); 270547 // 12262440960
5, 3, (8, 2, 1), (1, 0, 1, 0, 0); 1031747 // 9196830720
5, 3, (8, 2, 1), (0, 2, 0, 0, 0); 473621 // 2627665920
5, 3, (8, 2, 1), (2, 1, 0, 0, 0); 473621 // 1313832960
5, 3, (8, 2, 1), (4, 0, 0, 0, 0); 473621 // 656916480
5, 3, (7, 3, 1), (0, 0, 0, 1, 0); 516049 // 9196830720
5, 3, (7, 3, 1), (1, 0, 1, 0, 0); 868573 // 3065610240
5, 3, (7, 3, 1), (0, 2, 0, 0, 0); 18997 // 41803776
5, 3, (7, 3, 1), (2, 1, 0, 0, 0); 18997 // 20901888
5, 3, (7, 3, 1), (4, 0, 0, 0, 0); 18997 // 10450944
5, 3, (6, 4, 1), (0, 0, 0, 1, 0); 83659 // 875888640
5, 3, (6, 4, 1), (1, 0, 1, 0, 0); 294983 // 613122048
5, 3, (6, 4, 1), (0, 2, 0, 0, 0); 2364217 // 3065610240
5, 3, (6, 4, 1), (2, 1, 0, 0, 0); 2364217 // 1532805120
5, 3, (6, 4, 1), (4, 0, 0, 0, 0); 2364217 // 766402560
5, 3, (5, 5, 1), (0, 0, 0, 1, 0); 33157 // 291962880
5, 3, (5, 5, 1), (1, 0, 1, 0, 0); 375539 // 656916480
5, 3, (5, 5, 1), (0, 2, 0, 0, 0); 1203743 // 1313832960
5, 3, (5, 5, 1), (2, 1, 0, 0, 0); 1203743 // 656916480
5, 3, (5, 5, 1), (4, 0, 0, 0, 0); 1203743 // 328458240
5, 3, (7, 2, 2), (0, 0, 0, 1, 0); 2524853 // 30656102400
5, 3, (7, 2, 2), (1, 0, 1, 0, 0); 1056709 // 2554675200
5, 3, (7, 2, 2), (0, 2, 0, 0, 0); 2031131 // 3065610240
5, 3, (7, 2, 2), (2, 1, 0, 0, 0); 2031131 // 1532805120
5, 3, (7, 2, 2), (4, 0, 0, 0, 0); 2031131 // 766402560
5, 3, (6, 3, 2), (0, 0, 0, 1, 0); 805351 // 4379443200
5, 3, (6, 3, 2), (1, 0, 1, 0, 0); 2413291 // 2627665920
5, 3, (6, 3, 2), (0, 2, 0, 0, 0); 4825201 // 3284582400
5, 3, (6, 3, 2), (2, 1, 0, 0, 0); 4825201 // 1642291200
5, 3, (6, 3, 2), (4, 0, 0, 0, 0); 4825201 // 821145600
5, 3, (5, 4, 2), (0, 0, 0, 1, 0); 26273 // 97320960
5, 3, (5, 4, 2), (1, 0, 1, 0, 0); 7737161 // 5748019200
5, 3, (5, 4, 2), (0, 2, 0, 0, 0); 98966591 // 45984153600
5, 3, (5, 4, 2), (2, 1, 0, 0, 0); 98966591 // 22992076800
5, 3, (5, 4, 2), (4, 0, 0, 0, 0); 98966591 // 11496038400
5, 3, (5, 3, 3), (0, 0, 0, 1, 0); 155083 // 437944320
5, 3, (5, 3, 3), (1, 0, 1, 0, 0); 16187923 // 9196830720
5, 3, (5, 3, 3), (0, 2, 0, 0, 0); 646559 // 229920768
5, 3, (5, 3, 3), (2, 1, 0, 0, 0); 646559 // 114960384
5, 3, (5, 3, 3), (4, 0, 0, 0, 0); 646559 // 57480192
5, 3, (4, 4, 3), (0, 0, 0, 1, 0); 69629 // 159252480
5, 3, (4, 4, 3), (1, 0, 1, 0, 0); 1008467 // 464486400
5, 3, (4, 4, 3), (0, 2, 0, 0, 0); 9664589 // 2786918400
5, 3, (4, 4, 3), (2, 1, 0, 0, 0); 9664589 // 1393459200
5, 3, (4, 4, 3), (4, 0, 0, 0, 0); 9664589 // 696729600
5, 3, (12, 0, 0), (0, 0, 1, 0, 0); 71 // 1114767360
5, 3, (12, 0, 0), (1, 1, 0, 0, 0); 487 // 2388787200
5, 3, (12, 0, 0), (3, 0, 0, 0, 0); 487 // 1194393600
5, 3, (11, 1, 0), (0, 0, 1, 0, 0); 71 // 111476736
5, 3, (11, 1, 0), (1, 1, 0, 0, 0); 487 // 238878720
5, 3, (11, 1, 0), (3, 0, 0, 0, 0); 487 // 119439360
5, 3, (10, 2, 0), (0, 0, 1, 0, 0); 574591 // 183936614400
5, 3, (10, 2, 0), (1, 1, 0, 0, 0); 1833761 // 183936614400
5, 3, (10, 2, 0), (3, 0, 0, 0, 0); 1833761 // 91968307200
5, 3, (9, 3, 0), (0, 0, 1, 0, 0); 222113 // 22992076800
5, 3, (9, 3, 0), (1, 1, 0, 0, 0); 141557 // 4598415360
5, 3, (9, 3, 0), (3, 0, 0, 0, 0); 141557 // 2299207680
5, 3, (8, 4, 0), (0, 0, 1, 0, 0); 115547 // 5573836800
5, 3, (8, 4, 0), (1, 1, 0, 0, 0); 809603 // 12262440960
5, 3, (8, 4, 0), (3, 0, 0, 0, 0); 809603 // 6131220480
5, 3, (7, 5, 0), (0, 0, 1, 0, 0); 39623 // 1226244096
5, 3, (7, 5, 0), (1, 1, 0, 0, 0); 8191 // 79626240
5, 3, (7, 5, 0), (3, 0, 0, 0, 0); 8191 // 39813120
5, 3, (6, 6, 0), (0, 0, 1, 0, 0); 1146049 // 30656102400
5, 3, (6, 6, 0), (1, 1, 0, 0, 0); 145909 // 1226244096
5, 3, (6, 6, 0), (3, 0, 0, 0, 0); 145909 // 613122048
5, 3, (10, 1, 1), (0, 0, 1, 0, 0); 71 // 12386304
5, 3, (10, 1, 1), (1, 1, 0, 0, 0); 487 // 26542080
5, 3, (10, 1, 1), (3, 0, 0, 0, 0); 487 // 13271040
5, 3, (9, 2, 1), (0, 0, 1, 0, 0); 117289 // 4598415360
5, 3, (9, 2, 1), (1, 1, 0, 0, 0); 149627 // 1839366144
5, 3, (9, 2, 1), (3, 0, 0, 0, 0); 149627 // 919683072
5, 3, (8, 3, 1), (0, 0, 1, 0, 0); 108979 // 1532805120
5, 3, (8, 3, 1), (1, 1, 0, 0, 0); 46289 // 204374016
5, 3, (8, 3, 1), (3, 0, 0, 0, 0); 46289 // 102187008
5, 3, (7, 4, 1), (0, 0, 1, 0, 0); 92789 // 681246720
5, 3, (7, 4, 1), (1, 1, 0, 0, 0); 531869 // 1226244096
5, 3, (7, 4, 1), (3, 0, 0, 0, 0); 531869 // 613122048
5, 3, (6, 5, 1), (0, 0, 1, 0, 0); 1146049 // 6131220480
5, 3, (6, 5, 1), (1, 1, 0, 0, 0); 729545 // 1226244096
5, 3, (6, 5, 1), (3, 0, 0, 0, 0); 729545 // 613122048
5, 3, (8, 2, 2), (0, 0, 1, 0, 0); 9415181 // 91968307200
5, 3, (8, 2, 2), (1, 1, 0, 0, 0); 9979213 // 30656102400
5, 3, (8, 2, 2), (3, 0, 0, 0, 0); 9979213 // 15328051200
5, 3, (7, 3, 2), (0, 0, 1, 0, 0); 3349031 // 13138329600
5, 3, (7, 3, 2), (1, 1, 0, 0, 0); 78809 // 97320960
5, 3, (7, 3, 2), (3, 0, 0, 0, 0); 78809 // 48660480
5, 3, (6, 4, 2), (0, 0, 1, 0, 0); 26369639 // 61312204800
5, 3, (6, 4, 2), (1, 1, 0, 0, 0); 83734313 // 61312204800
5, 3, (6, 4, 2), (3, 0, 0, 0, 0); 83734313 // 30656102400
5, 3, (5, 5, 2), (0, 0, 1, 0, 0); 3910363 // 7664025600
5, 3, (5, 5, 2), (1, 1, 0, 0, 0); 12413617 // 7664025600
5, 3, (5, 5, 2), (3, 0, 0, 0, 0); 12413617 // 3832012800
5, 3, (6, 3, 3), (0, 0, 1, 0, 0); 5712757 // 10218700800
5, 3, (6, 3, 3), (1, 1, 0, 0, 0); 18130459 // 10218700800
5, 3, (6, 3, 3), (3, 0, 0, 0, 0); 18130459 // 5109350400
5, 3, (5, 4, 3), (0, 0, 1, 0, 0); 1388797 // 1703116800
5, 3, (5, 4, 3), (1, 1, 0, 0, 0); 629503 // 243302400
5, 3, (5, 4, 3), (3, 0, 0, 0, 0); 629503 // 121651200
5, 3, (4, 4, 4), (0, 0, 1, 0, 0); 189731 // 189235200
5, 3, (4, 4, 4), (1, 1, 0, 0, 0); 5418131 // 1703116800
5, 3, (4, 4, 4), (3, 0, 0, 0, 0); 5418131 // 851558400
5, 3, (13, 0, 0), (0, 1, 0, 0, 0); 577 // 16721510400
5, 3, (13, 0, 0), (2, 0, 0, 0, 0); 577 // 8360755200
5, 3, (12, 1, 0), (0, 1, 0, 0, 0); 577 // 1672151040
5, 3, (12, 1, 0), (2, 0, 0, 0, 0); 577 // 836075520
5, 3, (11, 2, 0), (0, 1, 0, 0, 0); 2131 // 1194393600
5, 3, (11, 2, 0), (2, 0, 0, 0, 0); 2131 // 597196800
5, 3, (10, 3, 0), (0, 1, 0, 0, 0); 121927 // 20437401600
5, 3, (10, 3, 0), (2, 0, 0, 0, 0); 121927 // 10218700800
5, 3, (9, 4, 0), (0, 1, 0, 0, 0); 369437 // 26276659200
5, 3, (9, 4, 0), (2, 0, 0, 0, 0); 369437 // 13138329600
5, 3, (8, 5, 0), (0, 1, 0, 0, 0); 89825 // 3678732288
5, 3, (8, 5, 0), (2, 0, 0, 0, 0); 89825 // 1839366144
5, 3, (7, 6, 0), (0, 1, 0, 0, 0); 5886949 // 183936614400
5, 3, (7, 6, 0), (2, 0, 0, 0, 0); 5886949 // 91968307200
5, 3, (11, 1, 1), (0, 1, 0, 0, 0); 577 // 185794560
5, 3, (11, 1, 1), (2, 0, 0, 0, 0); 577 // 92897280
5, 3, (10, 2, 1), (0, 1, 0, 0, 0); 24641 // 1672151040
5, 3, (10, 2, 1), (2, 0, 0, 0, 0); 24641 // 836075520
5, 3, (9, 3, 1), (0, 1, 0, 0, 0); 206573 // 4598415360
5, 3, (9, 3, 1), (2, 0, 0, 0, 0); 206573 // 2299207680
5, 3, (8, 4, 1), (0, 1, 0, 0, 0); 586589 // 6131220480
5, 3, (8, 4, 1), (2, 0, 0, 0, 0); 586589 // 3065610240
5, 3, (7, 5, 1), (0, 1, 0, 0, 0); 2731483 // 18393661440
5, 3, (7, 5, 1), (2, 0, 0, 0, 0); 2731483 // 9196830720
5, 3, (6, 6, 1), (0, 1, 0, 0, 0); 525911 // 3065610240
5, 3, (6, 6, 1), (2, 0, 0, 0, 0); 525911 // 1532805120
5, 3, (9, 2, 2), (0, 1, 0, 0, 0); 177781 // 2786918400
5, 3, (9, 2, 2), (2, 0, 0, 0, 0); 177781 // 1393459200
5, 3, (8, 3, 2), (0, 1, 0, 0, 0); 16171559 // 91968307200
5, 3, (8, 3, 2), (2, 0, 0, 0, 0); 16171559 // 45984153600
5, 3, (7, 4, 2), (0, 1, 0, 0, 0); 30788243 // 91968307200
5, 3, (7, 4, 2), (2, 0, 0, 0, 0); 30788243 // 45984153600
5, 3, (6, 5, 2), (0, 1, 0, 0, 0); 14040989 // 30656102400
5, 3, (6, 5, 2), (2, 0, 0, 0, 0); 14040989 // 15328051200
5, 3, (7, 3, 3), (0, 1, 0, 0, 0); 1594045 // 3678732288
5, 3, (7, 3, 3), (2, 0, 0, 0, 0); 1594045 // 1839366144
5, 3, (6, 4, 3), (0, 1, 0, 0, 0); 44583563 // 61312204800
5, 3, (6, 4, 3), (2, 0, 0, 0, 0); 44583563 // 30656102400
5, 3, (5, 5, 3), (0, 1, 0, 0, 0); 6600133 // 7664025600
5, 3, (5, 5, 3), (2, 0, 0, 0, 0); 6600133 // 3832012800
5, 3, (5, 4, 4), (0, 1, 0, 0, 0); 16190833 // 15328051200
5, 3, (5, 4, 4), (2, 0, 0, 0, 0); 16190833 // 7664025600
5, 3, (14, 0, 0), (1, 0, 0, 0, 0); 1 // 106168320
5, 3, (13, 1, 0), (1, 0, 0, 0, 0); 1 // 10616832
5, 3, (12, 2, 0), (1, 0, 0, 0, 0); 17231 // 33443020800
5, 3, (11, 3, 0), (1, 0, 0, 0, 0); 1553 // 836075520
5, 3, (10, 4, 0), (1, 0, 0, 0, 0); 14617 // 3065610240
5, 3, (9, 5, 0), (1, 0, 0, 0, 0); 13987 // 1532805120
5, 3, (8, 6, 0), (1, 0, 0, 0, 0); 709 // 53084160
5, 3, (7, 7, 0), (1, 0, 0, 0, 0); 66323 // 4379443200
5, 3, (12, 1, 1), (1, 0, 0, 0, 0); 1 // 1179648
5, 3, (11, 2, 1), (1, 0, 0, 0, 0); 3599 // 836075520
5, 3, (10, 3, 1), (1, 0, 0, 0, 0); 3977 // 278691840
5, 3, (9, 4, 1), (1, 0, 0, 0, 0); 34141 // 1021870080
5, 3, (8, 5, 1), (1, 0, 0, 0, 0); 25331 // 437944320
5, 3, (7, 6, 1), (1, 0, 0, 0, 0); 66323 // 875888640
5, 3, (10, 2, 2), (1, 0, 0, 0, 0); 21013 // 1045094400
5, 3, (9, 3, 2), (1, 0, 0, 0, 0); 20339 // 334430208
5, 3, (8, 4, 2), (1, 0, 0, 0, 0); 28207 // 218972160
5, 3, (7, 5, 2), (1, 0, 0, 0, 0); 3057563 // 15328051200
5, 3, (6, 6, 2), (1, 0, 0, 0, 0); 2824273 // 12262440960
5, 3, (8, 3, 3), (1, 0, 0, 0, 0); 463801 // 2786918400
5, 3, (7, 4, 3), (1, 0, 0, 0, 0); 322187 // 1021870080
5, 3, (6, 5, 3), (1, 0, 0, 0, 0); 220019 // 510935040
5, 3, (6, 4, 4), (1, 0, 0, 0, 0); 538357 // 1021870080
5, 3, (5, 5, 4), (1, 0, 0, 0, 0); 14473 // 23224320
5, 3, (15, 0, 0), (0, 0, 0, 0, 0); 1 // 955514880
5, 3, (14, 1, 0), (0, 0, 0, 0, 0); 1 // 95551488
5, 3, (13, 2, 0), (0, 0, 0, 0, 0); 29 // 477757440
5, 3, (12, 3, 0), (0, 0, 0, 0, 0); 1571 // 6688604160
5, 3, (11, 4, 0), (0, 0, 0, 0, 0); 109 // 167215104
5, 3, (10, 5, 0), (0, 0, 0, 0, 0); 2507 // 1839366144
5, 3, (9, 6, 0), (0, 0, 0, 0, 0); 2315 // 1051066368
5, 3, (8, 7, 0), (0, 0, 0, 0, 0); 2443 // 875888640
5, 3, (13, 1, 1), (0, 0, 0, 0, 0); 1 // 10616832
5, 3, (12, 2, 1), (0, 0, 0, 0, 0); 49 // 95551488
5, 3, (11, 3, 1), (0, 0, 0, 0, 0); 307 // 167215104
5, 3, (10, 4, 1), (0, 0, 0, 0, 0); 29 // 6193152
5, 3, (9, 5, 1), (0, 0, 0, 0, 0); 2351 // 262766592
5, 3, (8, 6, 1), (0, 0, 0, 0, 0); 2291 // 175177728
5, 3, (7, 7, 1), (0, 0, 0, 0, 0); 865 // 58392576
5, 3, (11, 2, 2), (0, 0, 0, 0, 0); 257 // 99532800
5, 3, (10, 3, 2), (0, 0, 0, 0, 0); 35521 // 4180377600
5, 3, (9, 4, 2), (0, 0, 0, 0, 0); 11827 // 597196800
5, 3, (8, 5, 2), (0, 0, 0, 0, 0); 12491 // 364953600
5, 3, (7, 6, 2), (0, 0, 0, 0, 0); 195983 // 4379443200
5, 3, (9, 3, 3), (0, 0, 0, 0, 0); 213631 // 8360755200
5, 3, (8, 4, 3), (0, 0, 0, 0, 0); 10723 // 199065600
5, 3, (7, 5, 3), (0, 0, 0, 0, 0); 1276397 // 15328051200
5, 3, (6, 6, 3), (0, 0, 0, 0, 0); 1178689 // 12262440960
5, 3, (7, 4, 4), (0, 0, 0, 0, 0); 15727 // 154828800
5, 3, (6, 5, 4), (0, 0, 0, 0, 0); 424987 // 3065610240
5, 3, (5, 5, 5), (0, 0, 0, 0, 0); 41873 // 255467520
