2, 11, (0, 0, 0, 0, 0, 0, 0, 0, 0, 0, 0), (0, 7); 0 // 1
2, 11, (0, 0, 0, 0, 0, 0, 0, 0, 0, 0, 0), (2, 6); 0 // 1
2, 11, (0, 0, 0, 0, 0, 0, 0, 0, 0, 0, 0), (4, 5); 0 // 1
2, 11, (0, 0, 0, 0, 0, 0, 0, 0, 0, 0, 0), (6, 4); 0 // 1
2, 11, (0, 0, 0, 0, 0, 0, 0, 0, 0, 0, 0), (8, 3); 0 // 1
2, 11, (0, 0, 0, 0, 0, 0, 0, 0, 0, 0, 0), (10, 2); 0 // 1
2, 11, (0, 0, 0, 0, 0, 0, 0, 0, 0, 0, 0), (12, 1); 0 // 1
2, 11, (0, 0, 0, 0, 0, 0, 0, 0, 0, 0, 0), (14, 0); 0 // 1
2, 11, (1, 0, 0, 0, 0, 0, 0, 0, 0, 0, 0), (1, 6); 0 // 1
2, 11, (1, 0, 0, 0, 0, 0, 0, 0, 0, 0, 0), (3, 5); 0 // 1
2, 11, (1, 0, 0, 0, 0, 0, 0, 0, 0, 0, 0), (5, 4); 0 // 1
2, 11, (1, 0, 0, 0, 0, 0, 0, 0, 0, 0, 0), (7, 3); 0 // 1
2, 11, (1, 0, 0, 0, 0, 0, 0, 0, 0, 0, 0), (9, 2); 0 // 1
2, 11, (1, 0, 0, 0, 0, 0, 0, 0, 0, 0, 0), (11, 1); 0 // 1
2, 11, (1, 0, 0, 0, 0, 0, 0, 0, 0, 0, 0), (13, 0); 0 // 1
2, 11, (2, 0, 0, 0, 0, 0, 0, 0, 0, 0, 0), (0, 6); 0 // 1
2, 11, (2, 0, 0, 0, 0, 0, 0, 0, 0, 0, 0), (2, 5); 0 // 1
2, 11, (2, 0, 0, 0, 0, 0, 0, 0, 0, 0, 0), (4, 4); 0 // 1
2, 11, (2, 0, 0, 0, 0, 0, 0, 0, 0, 0, 0), (6, 3); 0 // 1
2, 11, (2, 0, 0, 0, 0, 0, 0, 0, 0, 0, 0), (8, 2); 0 // 1
2, 11, (2, 0, 0, 0, 0, 0, 0, 0, 0, 0, 0), (10, 1); 0 // 1
2, 11, (2, 0, 0, 0, 0, 0, 0, 0, 0, 0, 0), (12, 0); 0 // 1
2, 11, (1, 1, 0, 0, 0, 0, 0, 0, 0, 0, 0), (0, 6); 0 // 1
2, 11, (1, 1, 0, 0, 0, 0, 0, 0, 0, 0, 0), (2, 5); 0 // 1
2, 11, (1, 1, 0, 0, 0, 0, 0, 0, 0, 0, 0), (4, 4); 0 // 1
2, 11, (1, 1, 0, 0, 0, 0, 0, 0, 0, 0, 0), (6, 3); 0 // 1
2, 11, (1, 1, 0, 0, 0, 0, 0, 0, 0, 0, 0), (8, 2); 0 // 1
2, 11, (1, 1, 0, 0, 0, 0, 0, 0, 0, 0, 0), (10, 1); 0 // 1
2, 11, (1, 1, 0, 0, 0, 0, 0, 0, 0, 0, 0), (12, 0); 0 // 1
2, 11, (3, 0, 0, 0, 0, 0, 0, 0, 0, 0, 0), (1, 5); 0 // 1
2, 11, (3, 0, 0, 0, 0, 0, 0, 0, 0, 0, 0), (3, 4); 0 // 1
2, 11, (3, 0, 0, 0, 0, 0, 0, 0, 0, 0, 0), (5, 3); 0 // 1
2, 11, (3, 0, 0, 0, 0, 0, 0, 0, 0, 0, 0), (7, 2); 0 // 1
2, 11, (3, 0, 0, 0, 0, 0, 0, 0, 0, 0, 0), (9, 1); 0 // 1
2, 11, (3, 0, 0, 0, 0, 0, 0, 0, 0, 0, 0), (11, 0); 0 // 1
2, 11, (2, 1, 0, 0, 0, 0, 0, 0, 0, 0, 0), (1, 5); 0 // 1
2, 11, (2, 1, 0, 0, 0, 0, 0, 0, 0, 0, 0), (3, 4); 0 // 1
2, 11, (2, 1, 0, 0, 0, 0, 0, 0, 0, 0, 0), (5, 3); 0 // 1
2, 11, (2, 1, 0, 0, 0, 0, 0, 0, 0, 0, 0), (7, 2); 0 // 1
2, 11, (2, 1, 0, 0, 0, 0, 0, 0, 0, 0, 0), (9, 1); 0 // 1
2, 11, (2, 1, 0, 0, 0, 0, 0, 0, 0, 0, 0), (11, 0); 0 // 1
2, 11, (1, 1, 1, 0, 0, 0, 0, 0, 0, 0, 0), (1, 5); 0 // 1
2, 11, (1, 1, 1, 0, 0, 0, 0, 0, 0, 0, 0), (3, 4); 0 // 1
2, 11, (1, 1, 1, 0, 0, 0, 0, 0, 0, 0, 0), (5, 3); 0 // 1
2, 11, (1, 1, 1, 0, 0, 0, 0, 0, 0, 0, 0), (7, 2); 0 // 1
2, 11, (1, 1, 1, 0, 0, 0, 0, 0, 0, 0, 0), (9, 1); 0 // 1
2, 11, (1, 1, 1, 0, 0, 0, 0, 0, 0, 0, 0), (11, 0); 0 // 1
2, 11, (4, 0, 0, 0, 0, 0, 0, 0, 0, 0, 0), (0, 5); 0 // 1
2, 11, (4, 0, 0, 0, 0, 0, 0, 0, 0, 0, 0), (2, 4); 0 // 1
2, 11, (4, 0, 0, 0, 0, 0, 0, 0, 0, 0, 0), (4, 3); 0 // 1
2, 11, (4, 0, 0, 0, 0, 0, 0, 0, 0, 0, 0), (6, 2); 0 // 1
2, 11, (4, 0, 0, 0, 0, 0, 0, 0, 0, 0, 0), (8, 1); 0 // 1
2, 11, (4, 0, 0, 0, 0, 0, 0, 0, 0, 0, 0), (10, 0); 0 // 1
2, 11, (3, 1, 0, 0, 0, 0, 0, 0, 0, 0, 0), (0, 5); 0 // 1
2, 11, (3, 1, 0, 0, 0, 0, 0, 0, 0, 0, 0), (2, 4); 0 // 1
2, 11, (3, 1, 0, 0, 0, 0, 0, 0, 0, 0, 0), (4, 3); 0 // 1
2, 11, (3, 1, 0, 0, 0, 0, 0, 0, 0, 0, 0), (6, 2); 0 // 1
2, 11, (3, 1, 0, 0, 0, 0, 0, 0, 0, 0, 0), (8, 1); 0 // 1
2, 11, (3, 1, 0, 0, 0, 0, 0, 0, 0, 0, 0), (10, 0); 0 // 1
2, 11, (2, 2, 0, 0, 0, 0, 0, 0, 0, 0, 0), (0, 5); 0 // 1
2, 11, (2, 2, 0, 0, 0, 0, 0, 0, 0, 0, 0), (2, 4); 0 // 1
2, 11, (2, 2, 0, 0, 0, 0, 0, 0, 0, 0, 0), (4, 3); 0 // 1
2, 11, (2, 2, 0, 0, 0, 0, 0, 0, 0, 0, 0), (6, 2); 0 // 1
2, 11, (2, 2, 0, 0, 0, 0, 0, 0, 0, 0, 0), (8, 1); 0 // 1
2, 11, (2, 2, 0, 0, 0, 0, 0, 0, 0, 0, 0), (10, 0); 0 // 1
2, 11, (2, 1, 1, 0, 0, 0, 0, 0, 0, 0, 0), (0, 5); 0 // 1
2, 11, (2, 1, 1, 0, 0, 0, 0, 0, 0, 0, 0), (2, 4); 0 // 1
2, 11, (2, 1, 1, 0, 0, 0, 0, 0, 0, 0, 0), (4, 3); 0 // 1
2, 11, (2, 1, 1, 0, 0, 0, 0, 0, 0, 0, 0), (6, 2); 0 // 1
2, 11, (2, 1, 1, 0, 0, 0, 0, 0, 0, 0, 0), (8, 1); 0 // 1
2, 11, (2, 1, 1, 0, 0, 0, 0, 0, 0, 0, 0), (10, 0); 0 // 1
2, 11, (1, 1, 1, 1, 0, 0, 0, 0, 0, 0, 0), (0, 5); 0 // 1
2, 11, (1, 1, 1, 1, 0, 0, 0, 0, 0, 0, 0), (2, 4); 0 // 1
2, 11, (1, 1, 1, 1, 0, 0, 0, 0, 0, 0, 0), (4, 3); 0 // 1
2, 11, (1, 1, 1, 1, 0, 0, 0, 0, 0, 0, 0), (6, 2); 0 // 1
2, 11, (1, 1, 1, 1, 0, 0, 0, 0, 0, 0, 0), (8, 1); 0 // 1
2, 11, (1, 1, 1, 1, 0, 0, 0, 0, 0, 0, 0), (10, 0); 0 // 1
2, 11, (5, 0, 0, 0, 0, 0, 0, 0, 0, 0, 0), (1, 4); 0 // 1
2, 11, (5, 0, 0, 0, 0, 0, 0, 0, 0, 0, 0), (3, 3); 0 // 1
2, 11, (5, 0, 0, 0, 0, 0, 0, 0, 0, 0, 0), (5, 2); 0 // 1
2, 11, (5, 0, 0, 0, 0, 0, 0, 0, 0, 0, 0), (7, 1); 0 // 1
2, 11, (5, 0, 0, 0, 0, 0, 0, 0, 0, 0, 0), (9, 0); 0 // 1
2, 11, (4, 1, 0, 0, 0, 0, 0, 0, 0, 0, 0), (1, 4); 0 // 1
2, 11, (4, 1, 0, 0, 0, 0, 0, 0, 0, 0, 0), (3, 3); 0 // 1
2, 11, (4, 1, 0, 0, 0, 0, 0, 0, 0, 0, 0), (5, 2); 0 // 1
2, 11, (4, 1, 0, 0, 0, 0, 0, 0, 0, 0, 0), (7, 1); 0 // 1
2, 11, (4, 1, 0, 0, 0, 0, 0, 0, 0, 0, 0), (9, 0); 0 // 1
2, 11, (3, 2, 0, 0, 0, 0, 0, 0, 0, 0, 0), (1, 4); 0 // 1
2, 11, (3, 2, 0, 0, 0, 0, 0, 0, 0, 0, 0), (3, 3); 0 // 1
2, 11, (3, 2, 0, 0, 0, 0, 0, 0, 0, 0, 0), (5, 2); 0 // 1
2, 11, (3, 2, 0, 0, 0, 0, 0, 0, 0, 0, 0), (7, 1); 0 // 1
2, 11, (3, 2, 0, 0, 0, 0, 0, 0, 0, 0, 0), (9, 0); 0 // 1
2, 11, (3, 1, 1, 0, 0, 0, 0, 0, 0, 0, 0), (1, 4); 0 // 1
2, 11, (3, 1, 1, 0, 0, 0, 0, 0, 0, 0, 0), (3, 3); 0 // 1
2, 11, (3, 1, 1, 0, 0, 0, 0, 0, 0, 0, 0), (5, 2); 0 // 1
2, 11, (3, 1, 1, 0, 0, 0, 0, 0, 0, 0, 0), (7, 1); 0 // 1
2, 11, (3, 1, 1, 0, 0, 0, 0, 0, 0, 0, 0), (9, 0); 0 // 1
2, 11, (2, 2, 1, 0, 0, 0, 0, 0, 0, 0, 0), (1, 4); 0 // 1
2, 11, (2, 2, 1, 0, 0, 0, 0, 0, 0, 0, 0), (3, 3); 0 // 1
2, 11, (2, 2, 1, 0, 0, 0, 0, 0, 0, 0, 0), (5, 2); 0 // 1
2, 11, (2, 2, 1, 0, 0, 0, 0, 0, 0, 0, 0), (7, 1); 0 // 1
2, 11, (2, 2, 1, 0, 0, 0, 0, 0, 0, 0, 0), (9, 0); 0 // 1
2, 11, (2, 1, 1, 1, 0, 0, 0, 0, 0, 0, 0), (1, 4); 0 // 1
2, 11, (2, 1, 1, 1, 0, 0, 0, 0, 0, 0, 0), (3, 3); 0 // 1
2, 11, (2, 1, 1, 1, 0, 0, 0, 0, 0, 0, 0), (5, 2); 0 // 1
2, 11, (2, 1, 1, 1, 0, 0, 0, 0, 0, 0, 0), (7, 1); 0 // 1
2, 11, (2, 1, 1, 1, 0, 0, 0, 0, 0, 0, 0), (9, 0); 0 // 1
2, 11, (1, 1, 1, 1, 1, 0, 0, 0, 0, 0, 0), (1, 4); 0 // 1
2, 11, (1, 1, 1, 1, 1, 0, 0, 0, 0, 0, 0), (3, 3); 0 // 1
2, 11, (1, 1, 1, 1, 1, 0, 0, 0, 0, 0, 0), (5, 2); 0 // 1
2, 11, (1, 1, 1, 1, 1, 0, 0, 0, 0, 0, 0), (7, 1); 0 // 1
2, 11, (1, 1, 1, 1, 1, 0, 0, 0, 0, 0, 0), (9, 0); 0 // 1
2, 11, (6, 0, 0, 0, 0, 0, 0, 0, 0, 0, 0), (0, 4); 0 // 1
2, 11, (6, 0, 0, 0, 0, 0, 0, 0, 0, 0, 0), (2, 3); 0 // 1
2, 11, (6, 0, 0, 0, 0, 0, 0, 0, 0, 0, 0), (4, 2); 0 // 1
2, 11, (6, 0, 0, 0, 0, 0, 0, 0, 0, 0, 0), (6, 1); 0 // 1
2, 11, (6, 0, 0, 0, 0, 0, 0, 0, 0, 0, 0), (8, 0); 0 // 1
2, 11, (5, 1, 0, 0, 0, 0, 0, 0, 0, 0, 0), (0, 4); 0 // 1
2, 11, (5, 1, 0, 0, 0, 0, 0, 0, 0, 0, 0), (2, 3); 0 // 1
2, 11, (5, 1, 0, 0, 0, 0, 0, 0, 0, 0, 0), (4, 2); 0 // 1
2, 11, (5, 1, 0, 0, 0, 0, 0, 0, 0, 0, 0), (6, 1); 0 // 1
2, 11, (5, 1, 0, 0, 0, 0, 0, 0, 0, 0, 0), (8, 0); 0 // 1
2, 11, (4, 2, 0, 0, 0, 0, 0, 0, 0, 0, 0), (0, 4); 0 // 1
2, 11, (4, 2, 0, 0, 0, 0, 0, 0, 0, 0, 0), (2, 3); 0 // 1
2, 11, (4, 2, 0, 0, 0, 0, 0, 0, 0, 0, 0), (4, 2); 0 // 1
2, 11, (4, 2, 0, 0, 0, 0, 0, 0, 0, 0, 0), (6, 1); 0 // 1
2, 11, (4, 2, 0, 0, 0, 0, 0, 0, 0, 0, 0), (8, 0); 0 // 1
2, 11, (3, 3, 0, 0, 0, 0, 0, 0, 0, 0, 0), (0, 4); 0 // 1
2, 11, (3, 3, 0, 0, 0, 0, 0, 0, 0, 0, 0), (2, 3); 0 // 1
2, 11, (3, 3, 0, 0, 0, 0, 0, 0, 0, 0, 0), (4, 2); 0 // 1
2, 11, (3, 3, 0, 0, 0, 0, 0, 0, 0, 0, 0), (6, 1); 0 // 1
2, 11, (3, 3, 0, 0, 0, 0, 0, 0, 0, 0, 0), (8, 0); 0 // 1
2, 11, (4, 1, 1, 0, 0, 0, 0, 0, 0, 0, 0), (0, 4); 0 // 1
2, 11, (4, 1, 1, 0, 0, 0, 0, 0, 0, 0, 0), (2, 3); 0 // 1
2, 11, (4, 1, 1, 0, 0, 0, 0, 0, 0, 0, 0), (4, 2); 0 // 1
2, 11, (4, 1, 1, 0, 0, 0, 0, 0, 0, 0, 0), (6, 1); 0 // 1
2, 11, (4, 1, 1, 0, 0, 0, 0, 0, 0, 0, 0), (8, 0); 0 // 1
2, 11, (3, 2, 1, 0, 0, 0, 0, 0, 0, 0, 0), (0, 4); 0 // 1
2, 11, (3, 2, 1, 0, 0, 0, 0, 0, 0, 0, 0), (2, 3); 0 // 1
2, 11, (3, 2, 1, 0, 0, 0, 0, 0, 0, 0, 0), (4, 2); 0 // 1
2, 11, (3, 2, 1, 0, 0, 0, 0, 0, 0, 0, 0), (6, 1); 0 // 1
2, 11, (3, 2, 1, 0, 0, 0, 0, 0, 0, 0, 0), (8, 0); 0 // 1
2, 11, (2, 2, 2, 0, 0, 0, 0, 0, 0, 0, 0), (0, 4); 0 // 1
2, 11, (2, 2, 2, 0, 0, 0, 0, 0, 0, 0, 0), (2, 3); 0 // 1
2, 11, (2, 2, 2, 0, 0, 0, 0, 0, 0, 0, 0), (4, 2); 0 // 1
2, 11, (2, 2, 2, 0, 0, 0, 0, 0, 0, 0, 0), (6, 1); 0 // 1
2, 11, (2, 2, 2, 0, 0, 0, 0, 0, 0, 0, 0), (8, 0); 0 // 1
2, 11, (3, 1, 1, 1, 0, 0, 0, 0, 0, 0, 0), (0, 4); 0 // 1
2, 11, (3, 1, 1, 1, 0, 0, 0, 0, 0, 0, 0), (2, 3); 0 // 1
2, 11, (3, 1, 1, 1, 0, 0, 0, 0, 0, 0, 0), (4, 2); 0 // 1
2, 11, (3, 1, 1, 1, 0, 0, 0, 0, 0, 0, 0), (6, 1); 0 // 1
2, 11, (3, 1, 1, 1, 0, 0, 0, 0, 0, 0, 0), (8, 0); 0 // 1
2, 11, (2, 2, 1, 1, 0, 0, 0, 0, 0, 0, 0), (0, 4); 0 // 1
2, 11, (2, 2, 1, 1, 0, 0, 0, 0, 0, 0, 0), (2, 3); 0 // 1
2, 11, (2, 2, 1, 1, 0, 0, 0, 0, 0, 0, 0), (4, 2); 0 // 1
2, 11, (2, 2, 1, 1, 0, 0, 0, 0, 0, 0, 0), (6, 1); 0 // 1
2, 11, (2, 2, 1, 1, 0, 0, 0, 0, 0, 0, 0), (8, 0); 0 // 1
2, 11, (2, 1, 1, 1, 1, 0, 0, 0, 0, 0, 0), (0, 4); 0 // 1
2, 11, (2, 1, 1, 1, 1, 0, 0, 0, 0, 0, 0), (2, 3); 0 // 1
2, 11, (2, 1, 1, 1, 1, 0, 0, 0, 0, 0, 0), (4, 2); 0 // 1
2, 11, (2, 1, 1, 1, 1, 0, 0, 0, 0, 0, 0), (6, 1); 0 // 1
2, 11, (2, 1, 1, 1, 1, 0, 0, 0, 0, 0, 0), (8, 0); 0 // 1
2, 11, (1, 1, 1, 1, 1, 1, 0, 0, 0, 0, 0), (0, 4); 0 // 1
2, 11, (1, 1, 1, 1, 1, 1, 0, 0, 0, 0, 0), (2, 3); 0 // 1
2, 11, (1, 1, 1, 1, 1, 1, 0, 0, 0, 0, 0), (4, 2); 0 // 1
2, 11, (1, 1, 1, 1, 1, 1, 0, 0, 0, 0, 0), (6, 1); 0 // 1
2, 11, (1, 1, 1, 1, 1, 1, 0, 0, 0, 0, 0), (8, 0); 0 // 1
2, 11, (7, 0, 0, 0, 0, 0, 0, 0, 0, 0, 0), (1, 3); 0 // 1
2, 11, (7, 0, 0, 0, 0, 0, 0, 0, 0, 0, 0), (3, 2); 0 // 1
2, 11, (7, 0, 0, 0, 0, 0, 0, 0, 0, 0, 0), (5, 1); 0 // 1
2, 11, (7, 0, 0, 0, 0, 0, 0, 0, 0, 0, 0), (7, 0); 0 // 1
2, 11, (6, 1, 0, 0, 0, 0, 0, 0, 0, 0, 0), (1, 3); 0 // 1
2, 11, (6, 1, 0, 0, 0, 0, 0, 0, 0, 0, 0), (3, 2); 0 // 1
2, 11, (6, 1, 0, 0, 0, 0, 0, 0, 0, 0, 0), (5, 1); 0 // 1
2, 11, (6, 1, 0, 0, 0, 0, 0, 0, 0, 0, 0), (7, 0); 0 // 1
2, 11, (5, 2, 0, 0, 0, 0, 0, 0, 0, 0, 0), (1, 3); 0 // 1
2, 11, (5, 2, 0, 0, 0, 0, 0, 0, 0, 0, 0), (3, 2); 0 // 1
2, 11, (5, 2, 0, 0, 0, 0, 0, 0, 0, 0, 0), (5, 1); 0 // 1
2, 11, (5, 2, 0, 0, 0, 0, 0, 0, 0, 0, 0), (7, 0); 0 // 1
2, 11, (4, 3, 0, 0, 0, 0, 0, 0, 0, 0, 0), (1, 3); 0 // 1
2, 11, (4, 3, 0, 0, 0, 0, 0, 0, 0, 0, 0), (3, 2); 0 // 1
2, 11, (4, 3, 0, 0, 0, 0, 0, 0, 0, 0, 0), (5, 1); 0 // 1
2, 11, (4, 3, 0, 0, 0, 0, 0, 0, 0, 0, 0), (7, 0); 0 // 1
2, 11, (5, 1, 1, 0, 0, 0, 0, 0, 0, 0, 0), (1, 3); 0 // 1
2, 11, (5, 1, 1, 0, 0, 0, 0, 0, 0, 0, 0), (3, 2); 0 // 1
2, 11, (5, 1, 1, 0, 0, 0, 0, 0, 0, 0, 0), (5, 1); 0 // 1
2, 11, (5, 1, 1, 0, 0, 0, 0, 0, 0, 0, 0), (7, 0); 0 // 1
2, 11, (4, 2, 1, 0, 0, 0, 0, 0, 0, 0, 0), (1, 3); 0 // 1
2, 11, (4, 2, 1, 0, 0, 0, 0, 0, 0, 0, 0), (3, 2); 0 // 1
2, 11, (4, 2, 1, 0, 0, 0, 0, 0, 0, 0, 0), (5, 1); 0 // 1
2, 11, (4, 2, 1, 0, 0, 0, 0, 0, 0, 0, 0), (7, 0); 0 // 1
2, 11, (3, 3, 1, 0, 0, 0, 0, 0, 0, 0, 0), (1, 3); 0 // 1
2, 11, (3, 3, 1, 0, 0, 0, 0, 0, 0, 0, 0), (3, 2); 0 // 1
2, 11, (3, 3, 1, 0, 0, 0, 0, 0, 0, 0, 0), (5, 1); 0 // 1
2, 11, (3, 3, 1, 0, 0, 0, 0, 0, 0, 0, 0), (7, 0); 0 // 1
2, 11, (3, 2, 2, 0, 0, 0, 0, 0, 0, 0, 0), (1, 3); 0 // 1
2, 11, (3, 2, 2, 0, 0, 0, 0, 0, 0, 0, 0), (3, 2); 0 // 1
2, 11, (3, 2, 2, 0, 0, 0, 0, 0, 0, 0, 0), (5, 1); 0 // 1
2, 11, (3, 2, 2, 0, 0, 0, 0, 0, 0, 0, 0), (7, 0); 0 // 1
2, 11, (4, 1, 1, 1, 0, 0, 0, 0, 0, 0, 0), (1, 3); 0 // 1
2, 11, (4, 1, 1, 1, 0, 0, 0, 0, 0, 0, 0), (3, 2); 0 // 1
2, 11, (4, 1, 1, 1, 0, 0, 0, 0, 0, 0, 0), (5, 1); 0 // 1
2, 11, (4, 1, 1, 1, 0, 0, 0, 0, 0, 0, 0), (7, 0); 0 // 1
2, 11, (3, 2, 1, 1, 0, 0, 0, 0, 0, 0, 0), (1, 3); 0 // 1
2, 11, (3, 2, 1, 1, 0, 0, 0, 0, 0, 0, 0), (3, 2); 0 // 1
2, 11, (3, 2, 1, 1, 0, 0, 0, 0, 0, 0, 0), (5, 1); 0 // 1
2, 11, (3, 2, 1, 1, 0, 0, 0, 0, 0, 0, 0), (7, 0); 0 // 1
2, 11, (2, 2, 2, 1, 0, 0, 0, 0, 0, 0, 0), (1, 3); 0 // 1
2, 11, (2, 2, 2, 1, 0, 0, 0, 0, 0, 0, 0), (3, 2); 0 // 1
2, 11, (2, 2, 2, 1, 0, 0, 0, 0, 0, 0, 0), (5, 1); 0 // 1
2, 11, (2, 2, 2, 1, 0, 0, 0, 0, 0, 0, 0), (7, 0); 0 // 1
2, 11, (3, 1, 1, 1, 1, 0, 0, 0, 0, 0, 0), (1, 3); 0 // 1
2, 11, (3, 1, 1, 1, 1, 0, 0, 0, 0, 0, 0), (3, 2); 0 // 1
2, 11, (3, 1, 1, 1, 1, 0, 0, 0, 0, 0, 0), (5, 1); 0 // 1
2, 11, (3, 1, 1, 1, 1, 0, 0, 0, 0, 0, 0), (7, 0); 0 // 1
2, 11, (2, 2, 1, 1, 1, 0, 0, 0, 0, 0, 0), (1, 3); 0 // 1
2, 11, (2, 2, 1, 1, 1, 0, 0, 0, 0, 0, 0), (3, 2); 0 // 1
2, 11, (2, 2, 1, 1, 1, 0, 0, 0, 0, 0, 0), (5, 1); 0 // 1
2, 11, (2, 2, 1, 1, 1, 0, 0, 0, 0, 0, 0), (7, 0); 0 // 1
2, 11, (2, 1, 1, 1, 1, 1, 0, 0, 0, 0, 0), (1, 3); 0 // 1
2, 11, (2, 1, 1, 1, 1, 1, 0, 0, 0, 0, 0), (3, 2); 0 // 1
2, 11, (2, 1, 1, 1, 1, 1, 0, 0, 0, 0, 0), (5, 1); 0 // 1
2, 11, (2, 1, 1, 1, 1, 1, 0, 0, 0, 0, 0), (7, 0); 0 // 1
2, 11, (1, 1, 1, 1, 1, 1, 1, 0, 0, 0, 0), (1, 3); 0 // 1
2, 11, (1, 1, 1, 1, 1, 1, 1, 0, 0, 0, 0), (3, 2); 0 // 1
2, 11, (1, 1, 1, 1, 1, 1, 1, 0, 0, 0, 0), (5, 1); 0 // 1
2, 11, (1, 1, 1, 1, 1, 1, 1, 0, 0, 0, 0), (7, 0); 0 // 1
2, 11, (8, 0, 0, 0, 0, 0, 0, 0, 0, 0, 0), (0, 3); 0 // 1
2, 11, (8, 0, 0, 0, 0, 0, 0, 0, 0, 0, 0), (2, 2); 0 // 1
2, 11, (8, 0, 0, 0, 0, 0, 0, 0, 0, 0, 0), (4, 1); 0 // 1
2, 11, (8, 0, 0, 0, 0, 0, 0, 0, 0, 0, 0), (6, 0); 0 // 1
2, 11, (7, 1, 0, 0, 0, 0, 0, 0, 0, 0, 0), (0, 3); 0 // 1
2, 11, (7, 1, 0, 0, 0, 0, 0, 0, 0, 0, 0), (2, 2); 0 // 1
2, 11, (7, 1, 0, 0, 0, 0, 0, 0, 0, 0, 0), (4, 1); 0 // 1
2, 11, (7, 1, 0, 0, 0, 0, 0, 0, 0, 0, 0), (6, 0); 0 // 1
2, 11, (6, 2, 0, 0, 0, 0, 0, 0, 0, 0, 0), (0, 3); 0 // 1
2, 11, (6, 2, 0, 0, 0, 0, 0, 0, 0, 0, 0), (2, 2); 0 // 1
2, 11, (6, 2, 0, 0, 0, 0, 0, 0, 0, 0, 0), (4, 1); 0 // 1
2, 11, (6, 2, 0, 0, 0, 0, 0, 0, 0, 0, 0), (6, 0); 0 // 1
2, 11, (5, 3, 0, 0, 0, 0, 0, 0, 0, 0, 0), (0, 3); 0 // 1
2, 11, (5, 3, 0, 0, 0, 0, 0, 0, 0, 0, 0), (2, 2); 0 // 1
2, 11, (5, 3, 0, 0, 0, 0, 0, 0, 0, 0, 0), (4, 1); 0 // 1
2, 11, (5, 3, 0, 0, 0, 0, 0, 0, 0, 0, 0), (6, 0); 0 // 1
2, 11, (4, 4, 0, 0, 0, 0, 0, 0, 0, 0, 0), (0, 3); 0 // 1
2, 11, (4, 4, 0, 0, 0, 0, 0, 0, 0, 0, 0), (2, 2); 0 // 1
2, 11, (4, 4, 0, 0, 0, 0, 0, 0, 0, 0, 0), (4, 1); 0 // 1
2, 11, (4, 4, 0, 0, 0, 0, 0, 0, 0, 0, 0), (6, 0); 0 // 1
2, 11, (6, 1, 1, 0, 0, 0, 0, 0, 0, 0, 0), (0, 3); 0 // 1
2, 11, (6, 1, 1, 0, 0, 0, 0, 0, 0, 0, 0), (2, 2); 0 // 1
2, 11, (6, 1, 1, 0, 0, 0, 0, 0, 0, 0, 0), (4, 1); 0 // 1
2, 11, (6, 1, 1, 0, 0, 0, 0, 0, 0, 0, 0), (6, 0); 0 // 1
2, 11, (5, 2, 1, 0, 0, 0, 0, 0, 0, 0, 0), (0, 3); 0 // 1
2, 11, (5, 2, 1, 0, 0, 0, 0, 0, 0, 0, 0), (2, 2); 0 // 1
2, 11, (5, 2, 1, 0, 0, 0, 0, 0, 0, 0, 0), (4, 1); 0 // 1
2, 11, (5, 2, 1, 0, 0, 0, 0, 0, 0, 0, 0), (6, 0); 0 // 1
2, 11, (4, 3, 1, 0, 0, 0, 0, 0, 0, 0, 0), (0, 3); 0 // 1
2, 11, (4, 3, 1, 0, 0, 0, 0, 0, 0, 0, 0), (2, 2); 0 // 1
2, 11, (4, 3, 1, 0, 0, 0, 0, 0, 0, 0, 0), (4, 1); 0 // 1
2, 11, (4, 3, 1, 0, 0, 0, 0, 0, 0, 0, 0), (6, 0); 0 // 1
2, 11, (4, 2, 2, 0, 0, 0, 0, 0, 0, 0, 0), (0, 3); 0 // 1
2, 11, (4, 2, 2, 0, 0, 0, 0, 0, 0, 0, 0), (2, 2); 0 // 1
2, 11, (4, 2, 2, 0, 0, 0, 0, 0, 0, 0, 0), (4, 1); 0 // 1
2, 11, (4, 2, 2, 0, 0, 0, 0, 0, 0, 0, 0), (6, 0); 0 // 1
2, 11, (3, 3, 2, 0, 0, 0, 0, 0, 0, 0, 0), (0, 3); 0 // 1
2, 11, (3, 3, 2, 0, 0, 0, 0, 0, 0, 0, 0), (2, 2); 0 // 1
2, 11, (3, 3, 2, 0, 0, 0, 0, 0, 0, 0, 0), (4, 1); 0 // 1
2, 11, (3, 3, 2, 0, 0, 0, 0, 0, 0, 0, 0), (6, 0); 0 // 1
2, 11, (5, 1, 1, 1, 0, 0, 0, 0, 0, 0, 0), (0, 3); 0 // 1
2, 11, (5, 1, 1, 1, 0, 0, 0, 0, 0, 0, 0), (2, 2); 0 // 1
2, 11, (5, 1, 1, 1, 0, 0, 0, 0, 0, 0, 0), (4, 1); 0 // 1
2, 11, (5, 1, 1, 1, 0, 0, 0, 0, 0, 0, 0), (6, 0); 0 // 1
2, 11, (4, 2, 1, 1, 0, 0, 0, 0, 0, 0, 0), (0, 3); 0 // 1
2, 11, (4, 2, 1, 1, 0, 0, 0, 0, 0, 0, 0), (2, 2); 0 // 1
2, 11, (4, 2, 1, 1, 0, 0, 0, 0, 0, 0, 0), (4, 1); 0 // 1
2, 11, (4, 2, 1, 1, 0, 0, 0, 0, 0, 0, 0), (6, 0); 0 // 1
2, 11, (3, 3, 1, 1, 0, 0, 0, 0, 0, 0, 0), (0, 3); 0 // 1
2, 11, (3, 3, 1, 1, 0, 0, 0, 0, 0, 0, 0), (2, 2); 0 // 1
2, 11, (3, 3, 1, 1, 0, 0, 0, 0, 0, 0, 0), (4, 1); 0 // 1
2, 11, (3, 3, 1, 1, 0, 0, 0, 0, 0, 0, 0), (6, 0); 0 // 1
2, 11, (3, 2, 2, 1, 0, 0, 0, 0, 0, 0, 0), (0, 3); 0 // 1
2, 11, (3, 2, 2, 1, 0, 0, 0, 0, 0, 0, 0), (2, 2); 0 // 1
2, 11, (3, 2, 2, 1, 0, 0, 0, 0, 0, 0, 0), (4, 1); 0 // 1
2, 11, (3, 2, 2, 1, 0, 0, 0, 0, 0, 0, 0), (6, 0); 0 // 1
2, 11, (2, 2, 2, 2, 0, 0, 0, 0, 0, 0, 0), (0, 3); 0 // 1
2, 11, (2, 2, 2, 2, 0, 0, 0, 0, 0, 0, 0), (2, 2); 0 // 1
2, 11, (2, 2, 2, 2, 0, 0, 0, 0, 0, 0, 0), (4, 1); 0 // 1
2, 11, (2, 2, 2, 2, 0, 0, 0, 0, 0, 0, 0), (6, 0); 0 // 1
2, 11, (4, 1, 1, 1, 1, 0, 0, 0, 0, 0, 0), (0, 3); 0 // 1
2, 11, (4, 1, 1, 1, 1, 0, 0, 0, 0, 0, 0), (2, 2); 0 // 1
2, 11, (4, 1, 1, 1, 1, 0, 0, 0, 0, 0, 0), (4, 1); 0 // 1
2, 11, (4, 1, 1, 1, 1, 0, 0, 0, 0, 0, 0), (6, 0); 0 // 1
2, 11, (3, 2, 1, 1, 1, 0, 0, 0, 0, 0, 0), (0, 3); 0 // 1
2, 11, (3, 2, 1, 1, 1, 0, 0, 0, 0, 0, 0), (2, 2); 0 // 1
2, 11, (3, 2, 1, 1, 1, 0, 0, 0, 0, 0, 0), (4, 1); 0 // 1
2, 11, (3, 2, 1, 1, 1, 0, 0, 0, 0, 0, 0), (6, 0); 0 // 1
2, 11, (2, 2, 2, 1, 1, 0, 0, 0, 0, 0, 0), (0, 3); 0 // 1
2, 11, (2, 2, 2, 1, 1, 0, 0, 0, 0, 0, 0), (2, 2); 0 // 1
2, 11, (2, 2, 2, 1, 1, 0, 0, 0, 0, 0, 0), (4, 1); 0 // 1
2, 11, (2, 2, 2, 1, 1, 0, 0, 0, 0, 0, 0), (6, 0); 0 // 1
2, 11, (3, 1, 1, 1, 1, 1, 0, 0, 0, 0, 0), (0, 3); 0 // 1
2, 11, (3, 1, 1, 1, 1, 1, 0, 0, 0, 0, 0), (2, 2); 0 // 1
2, 11, (3, 1, 1, 1, 1, 1, 0, 0, 0, 0, 0), (4, 1); 0 // 1
2, 11, (3, 1, 1, 1, 1, 1, 0, 0, 0, 0, 0), (6, 0); 0 // 1
2, 11, (2, 2, 1, 1, 1, 1, 0, 0, 0, 0, 0), (0, 3); 0 // 1
2, 11, (2, 2, 1, 1, 1, 1, 0, 0, 0, 0, 0), (2, 2); 0 // 1
2, 11, (2, 2, 1, 1, 1, 1, 0, 0, 0, 0, 0), (4, 1); 0 // 1
2, 11, (2, 2, 1, 1, 1, 1, 0, 0, 0, 0, 0), (6, 0); 0 // 1
2, 11, (2, 1, 1, 1, 1, 1, 1, 0, 0, 0, 0), (0, 3); 0 // 1
2, 11, (2, 1, 1, 1, 1, 1, 1, 0, 0, 0, 0), (2, 2); 0 // 1
2, 11, (2, 1, 1, 1, 1, 1, 1, 0, 0, 0, 0), (4, 1); 0 // 1
2, 11, (2, 1, 1, 1, 1, 1, 1, 0, 0, 0, 0), (6, 0); 0 // 1
2, 11, (1, 1, 1, 1, 1, 1, 1, 1, 0, 0, 0), (0, 3); 0 // 1
2, 11, (1, 1, 1, 1, 1, 1, 1, 1, 0, 0, 0), (2, 2); 0 // 1
2, 11, (1, 1, 1, 1, 1, 1, 1, 1, 0, 0, 0), (4, 1); 0 // 1
2, 11, (1, 1, 1, 1, 1, 1, 1, 1, 0, 0, 0), (6, 0); 0 // 1
2, 11, (9, 0, 0, 0, 0, 0, 0, 0, 0, 0, 0), (1, 2); 0 // 1
2, 11, (9, 0, 0, 0, 0, 0, 0, 0, 0, 0, 0), (3, 1); 0 // 1
2, 11, (9, 0, 0, 0, 0, 0, 0, 0, 0, 0, 0), (5, 0); 0 // 1
2, 11, (8, 1, 0, 0, 0, 0, 0, 0, 0, 0, 0), (1, 2); 0 // 1
2, 11, (8, 1, 0, 0, 0, 0, 0, 0, 0, 0, 0), (3, 1); 0 // 1
2, 11, (8, 1, 0, 0, 0, 0, 0, 0, 0, 0, 0), (5, 0); 0 // 1
2, 11, (7, 2, 0, 0, 0, 0, 0, 0, 0, 0, 0), (1, 2); 0 // 1
2, 11, (7, 2, 0, 0, 0, 0, 0, 0, 0, 0, 0), (3, 1); 0 // 1
2, 11, (7, 2, 0, 0, 0, 0, 0, 0, 0, 0, 0), (5, 0); 0 // 1
2, 11, (6, 3, 0, 0, 0, 0, 0, 0, 0, 0, 0), (1, 2); 0 // 1
2, 11, (6, 3, 0, 0, 0, 0, 0, 0, 0, 0, 0), (3, 1); 0 // 1
2, 11, (6, 3, 0, 0, 0, 0, 0, 0, 0, 0, 0), (5, 0); 0 // 1
2, 11, (5, 4, 0, 0, 0, 0, 0, 0, 0, 0, 0), (1, 2); 0 // 1
2, 11, (5, 4, 0, 0, 0, 0, 0, 0, 0, 0, 0), (3, 1); 0 // 1
2, 11, (5, 4, 0, 0, 0, 0, 0, 0, 0, 0, 0), (5, 0); 0 // 1
2, 11, (7, 1, 1, 0, 0, 0, 0, 0, 0, 0, 0), (1, 2); 0 // 1
2, 11, (7, 1, 1, 0, 0, 0, 0, 0, 0, 0, 0), (3, 1); 0 // 1
2, 11, (7, 1, 1, 0, 0, 0, 0, 0, 0, 0, 0), (5, 0); 0 // 1
2, 11, (6, 2, 1, 0, 0, 0, 0, 0, 0, 0, 0), (1, 2); 0 // 1
2, 11, (6, 2, 1, 0, 0, 0, 0, 0, 0, 0, 0), (3, 1); 0 // 1
2, 11, (6, 2, 1, 0, 0, 0, 0, 0, 0, 0, 0), (5, 0); 0 // 1
2, 11, (5, 3, 1, 0, 0, 0, 0, 0, 0, 0, 0), (1, 2); 0 // 1
2, 11, (5, 3, 1, 0, 0, 0, 0, 0, 0, 0, 0), (3, 1); 0 // 1
2, 11, (5, 3, 1, 0, 0, 0, 0, 0, 0, 0, 0), (5, 0); 0 // 1
2, 11, (4, 4, 1, 0, 0, 0, 0, 0, 0, 0, 0), (1, 2); 0 // 1
2, 11, (4, 4, 1, 0, 0, 0, 0, 0, 0, 0, 0), (3, 1); 0 // 1
2, 11, (4, 4, 1, 0, 0, 0, 0, 0, 0, 0, 0), (5, 0); 0 // 1
2, 11, (5, 2, 2, 0, 0, 0, 0, 0, 0, 0, 0), (1, 2); 0 // 1
2, 11, (5, 2, 2, 0, 0, 0, 0, 0, 0, 0, 0), (3, 1); 0 // 1
2, 11, (5, 2, 2, 0, 0, 0, 0, 0, 0, 0, 0), (5, 0); 0 // 1
2, 11, (4, 3, 2, 0, 0, 0, 0, 0, 0, 0, 0), (1, 2); 0 // 1
2, 11, (4, 3, 2, 0, 0, 0, 0, 0, 0, 0, 0), (3, 1); 0 // 1
2, 11, (4, 3, 2, 0, 0, 0, 0, 0, 0, 0, 0), (5, 0); 0 // 1
2, 11, (3, 3, 3, 0, 0, 0, 0, 0, 0, 0, 0), (1, 2); 0 // 1
2, 11, (3, 3, 3, 0, 0, 0, 0, 0, 0, 0, 0), (3, 1); 0 // 1
2, 11, (3, 3, 3, 0, 0, 0, 0, 0, 0, 0, 0), (5, 0); 0 // 1
2, 11, (6, 1, 1, 1, 0, 0, 0, 0, 0, 0, 0), (1, 2); 0 // 1
2, 11, (6, 1, 1, 1, 0, 0, 0, 0, 0, 0, 0), (3, 1); 0 // 1
2, 11, (6, 1, 1, 1, 0, 0, 0, 0, 0, 0, 0), (5, 0); 0 // 1
2, 11, (5, 2, 1, 1, 0, 0, 0, 0, 0, 0, 0), (1, 2); 0 // 1
2, 11, (5, 2, 1, 1, 0, 0, 0, 0, 0, 0, 0), (3, 1); 0 // 1
2, 11, (5, 2, 1, 1, 0, 0, 0, 0, 0, 0, 0), (5, 0); 0 // 1
2, 11, (4, 3, 1, 1, 0, 0, 0, 0, 0, 0, 0), (1, 2); 0 // 1
2, 11, (4, 3, 1, 1, 0, 0, 0, 0, 0, 0, 0), (3, 1); 0 // 1
2, 11, (4, 3, 1, 1, 0, 0, 0, 0, 0, 0, 0), (5, 0); 0 // 1
2, 11, (4, 2, 2, 1, 0, 0, 0, 0, 0, 0, 0), (1, 2); 0 // 1
2, 11, (4, 2, 2, 1, 0, 0, 0, 0, 0, 0, 0), (3, 1); 0 // 1
2, 11, (4, 2, 2, 1, 0, 0, 0, 0, 0, 0, 0), (5, 0); 0 // 1
2, 11, (3, 3, 2, 1, 0, 0, 0, 0, 0, 0, 0), (1, 2); 0 // 1
2, 11, (3, 3, 2, 1, 0, 0, 0, 0, 0, 0, 0), (3, 1); 0 // 1
2, 11, (3, 3, 2, 1, 0, 0, 0, 0, 0, 0, 0), (5, 0); 0 // 1
2, 11, (3, 2, 2, 2, 0, 0, 0, 0, 0, 0, 0), (1, 2); 0 // 1
2, 11, (3, 2, 2, 2, 0, 0, 0, 0, 0, 0, 0), (3, 1); 0 // 1
2, 11, (3, 2, 2, 2, 0, 0, 0, 0, 0, 0, 0), (5, 0); 0 // 1
2, 11, (5, 1, 1, 1, 1, 0, 0, 0, 0, 0, 0), (1, 2); 0 // 1
2, 11, (5, 1, 1, 1, 1, 0, 0, 0, 0, 0, 0), (3, 1); 0 // 1
2, 11, (5, 1, 1, 1, 1, 0, 0, 0, 0, 0, 0), (5, 0); 0 // 1
2, 11, (4, 2, 1, 1, 1, 0, 0, 0, 0, 0, 0), (1, 2); 0 // 1
2, 11, (4, 2, 1, 1, 1, 0, 0, 0, 0, 0, 0), (3, 1); 0 // 1
2, 11, (4, 2, 1, 1, 1, 0, 0, 0, 0, 0, 0), (5, 0); 0 // 1
2, 11, (3, 3, 1, 1, 1, 0, 0, 0, 0, 0, 0), (1, 2); 0 // 1
2, 11, (3, 3, 1, 1, 1, 0, 0, 0, 0, 0, 0), (3, 1); 0 // 1
2, 11, (3, 3, 1, 1, 1, 0, 0, 0, 0, 0, 0), (5, 0); 0 // 1
2, 11, (3, 2, 2, 1, 1, 0, 0, 0, 0, 0, 0), (1, 2); 0 // 1
2, 11, (3, 2, 2, 1, 1, 0, 0, 0, 0, 0, 0), (3, 1); 0 // 1
2, 11, (3, 2, 2, 1, 1, 0, 0, 0, 0, 0, 0), (5, 0); 0 // 1
2, 11, (2, 2, 2, 2, 1, 0, 0, 0, 0, 0, 0), (1, 2); 0 // 1
2, 11, (2, 2, 2, 2, 1, 0, 0, 0, 0, 0, 0), (3, 1); 0 // 1
2, 11, (2, 2, 2, 2, 1, 0, 0, 0, 0, 0, 0), (5, 0); 0 // 1
2, 11, (4, 1, 1, 1, 1, 1, 0, 0, 0, 0, 0), (1, 2); 0 // 1
2, 11, (4, 1, 1, 1, 1, 1, 0, 0, 0, 0, 0), (3, 1); 0 // 1
2, 11, (4, 1, 1, 1, 1, 1, 0, 0, 0, 0, 0), (5, 0); 0 // 1
2, 11, (3, 2, 1, 1, 1, 1, 0, 0, 0, 0, 0), (1, 2); 0 // 1
2, 11, (3, 2, 1, 1, 1, 1, 0, 0, 0, 0, 0), (3, 1); 0 // 1
2, 11, (3, 2, 1, 1, 1, 1, 0, 0, 0, 0, 0), (5, 0); 0 // 1
2, 11, (2, 2, 2, 1, 1, 1, 0, 0, 0, 0, 0), (1, 2); 0 // 1
2, 11, (2, 2, 2, 1, 1, 1, 0, 0, 0, 0, 0), (3, 1); 0 // 1
2, 11, (2, 2, 2, 1, 1, 1, 0, 0, 0, 0, 0), (5, 0); 0 // 1
2, 11, (3, 1, 1, 1, 1, 1, 1, 0, 0, 0, 0), (1, 2); 0 // 1
2, 11, (3, 1, 1, 1, 1, 1, 1, 0, 0, 0, 0), (3, 1); 0 // 1
2, 11, (3, 1, 1, 1, 1, 1, 1, 0, 0, 0, 0), (5, 0); 0 // 1
2, 11, (2, 2, 1, 1, 1, 1, 1, 0, 0, 0, 0), (1, 2); 0 // 1
2, 11, (2, 2, 1, 1, 1, 1, 1, 0, 0, 0, 0), (3, 1); 0 // 1
2, 11, (2, 2, 1, 1, 1, 1, 1, 0, 0, 0, 0), (5, 0); 0 // 1
2, 11, (2, 1, 1, 1, 1, 1, 1, 1, 0, 0, 0), (1, 2); 0 // 1
2, 11, (2, 1, 1, 1, 1, 1, 1, 1, 0, 0, 0), (3, 1); 0 // 1
2, 11, (2, 1, 1, 1, 1, 1, 1, 1, 0, 0, 0), (5, 0); 0 // 1
2, 11, (1, 1, 1, 1, 1, 1, 1, 1, 1, 0, 0), (1, 2); 0 // 1
2, 11, (1, 1, 1, 1, 1, 1, 1, 1, 1, 0, 0), (3, 1); 0 // 1
2, 11, (1, 1, 1, 1, 1, 1, 1, 1, 1, 0, 0), (5, 0); 0 // 1
2, 11, (10, 0, 0, 0, 0, 0, 0, 0, 0, 0, 0), (0, 2); 0 // 1
2, 11, (10, 0, 0, 0, 0, 0, 0, 0, 0, 0, 0), (2, 1); 0 // 1
2, 11, (10, 0, 0, 0, 0, 0, 0, 0, 0, 0, 0), (4, 0); 0 // 1
2, 11, (9, 1, 0, 0, 0, 0, 0, 0, 0, 0, 0), (0, 2); 0 // 1
2, 11, (9, 1, 0, 0, 0, 0, 0, 0, 0, 0, 0), (2, 1); 0 // 1
2, 11, (9, 1, 0, 0, 0, 0, 0, 0, 0, 0, 0), (4, 0); 0 // 1
2, 11, (8, 2, 0, 0, 0, 0, 0, 0, 0, 0, 0), (0, 2); 0 // 1
2, 11, (8, 2, 0, 0, 0, 0, 0, 0, 0, 0, 0), (2, 1); 0 // 1
2, 11, (8, 2, 0, 0, 0, 0, 0, 0, 0, 0, 0), (4, 0); 0 // 1
2, 11, (7, 3, 0, 0, 0, 0, 0, 0, 0, 0, 0), (0, 2); 0 // 1
2, 11, (7, 3, 0, 0, 0, 0, 0, 0, 0, 0, 0), (2, 1); 0 // 1
2, 11, (7, 3, 0, 0, 0, 0, 0, 0, 0, 0, 0), (4, 0); 0 // 1
2, 11, (6, 4, 0, 0, 0, 0, 0, 0, 0, 0, 0), (0, 2); 0 // 1
2, 11, (6, 4, 0, 0, 0, 0, 0, 0, 0, 0, 0), (2, 1); 0 // 1
2, 11, (6, 4, 0, 0, 0, 0, 0, 0, 0, 0, 0), (4, 0); 0 // 1
2, 11, (5, 5, 0, 0, 0, 0, 0, 0, 0, 0, 0), (0, 2); 0 // 1
2, 11, (5, 5, 0, 0, 0, 0, 0, 0, 0, 0, 0), (2, 1); 0 // 1
2, 11, (5, 5, 0, 0, 0, 0, 0, 0, 0, 0, 0), (4, 0); 0 // 1
2, 11, (8, 1, 1, 0, 0, 0, 0, 0, 0, 0, 0), (0, 2); 0 // 1
2, 11, (8, 1, 1, 0, 0, 0, 0, 0, 0, 0, 0), (2, 1); 0 // 1
2, 11, (8, 1, 1, 0, 0, 0, 0, 0, 0, 0, 0), (4, 0); 0 // 1
2, 11, (7, 2, 1, 0, 0, 0, 0, 0, 0, 0, 0), (0, 2); 0 // 1
2, 11, (7, 2, 1, 0, 0, 0, 0, 0, 0, 0, 0), (2, 1); 0 // 1
2, 11, (7, 2, 1, 0, 0, 0, 0, 0, 0, 0, 0), (4, 0); 0 // 1
2, 11, (6, 3, 1, 0, 0, 0, 0, 0, 0, 0, 0), (0, 2); 0 // 1
2, 11, (6, 3, 1, 0, 0, 0, 0, 0, 0, 0, 0), (2, 1); 0 // 1
2, 11, (6, 3, 1, 0, 0, 0, 0, 0, 0, 0, 0), (4, 0); 0 // 1
2, 11, (5, 4, 1, 0, 0, 0, 0, 0, 0, 0, 0), (0, 2); 0 // 1
2, 11, (5, 4, 1, 0, 0, 0, 0, 0, 0, 0, 0), (2, 1); 0 // 1
2, 11, (5, 4, 1, 0, 0, 0, 0, 0, 0, 0, 0), (4, 0); 0 // 1
2, 11, (6, 2, 2, 0, 0, 0, 0, 0, 0, 0, 0), (0, 2); 0 // 1
2, 11, (6, 2, 2, 0, 0, 0, 0, 0, 0, 0, 0), (2, 1); 0 // 1
2, 11, (6, 2, 2, 0, 0, 0, 0, 0, 0, 0, 0), (4, 0); 0 // 1
2, 11, (5, 3, 2, 0, 0, 0, 0, 0, 0, 0, 0), (0, 2); 0 // 1
2, 11, (5, 3, 2, 0, 0, 0, 0, 0, 0, 0, 0), (2, 1); 0 // 1
2, 11, (5, 3, 2, 0, 0, 0, 0, 0, 0, 0, 0), (4, 0); 0 // 1
2, 11, (4, 4, 2, 0, 0, 0, 0, 0, 0, 0, 0), (0, 2); 0 // 1
2, 11, (4, 4, 2, 0, 0, 0, 0, 0, 0, 0, 0), (2, 1); 0 // 1
2, 11, (4, 4, 2, 0, 0, 0, 0, 0, 0, 0, 0), (4, 0); 0 // 1
2, 11, (4, 3, 3, 0, 0, 0, 0, 0, 0, 0, 0), (0, 2); 0 // 1
2, 11, (4, 3, 3, 0, 0, 0, 0, 0, 0, 0, 0), (2, 1); 0 // 1
2, 11, (4, 3, 3, 0, 0, 0, 0, 0, 0, 0, 0), (4, 0); 0 // 1
2, 11, (7, 1, 1, 1, 0, 0, 0, 0, 0, 0, 0), (0, 2); 0 // 1
2, 11, (7, 1, 1, 1, 0, 0, 0, 0, 0, 0, 0), (2, 1); 0 // 1
2, 11, (7, 1, 1, 1, 0, 0, 0, 0, 0, 0, 0), (4, 0); 0 // 1
2, 11, (6, 2, 1, 1, 0, 0, 0, 0, 0, 0, 0), (0, 2); 0 // 1
2, 11, (6, 2, 1, 1, 0, 0, 0, 0, 0, 0, 0), (2, 1); 0 // 1
2, 11, (6, 2, 1, 1, 0, 0, 0, 0, 0, 0, 0), (4, 0); 0 // 1
2, 11, (5, 3, 1, 1, 0, 0, 0, 0, 0, 0, 0), (0, 2); 0 // 1
2, 11, (5, 3, 1, 1, 0, 0, 0, 0, 0, 0, 0), (2, 1); 0 // 1
2, 11, (5, 3, 1, 1, 0, 0, 0, 0, 0, 0, 0), (4, 0); 0 // 1
2, 11, (4, 4, 1, 1, 0, 0, 0, 0, 0, 0, 0), (0, 2); 0 // 1
2, 11, (4, 4, 1, 1, 0, 0, 0, 0, 0, 0, 0), (2, 1); 0 // 1
2, 11, (4, 4, 1, 1, 0, 0, 0, 0, 0, 0, 0), (4, 0); 0 // 1
2, 11, (5, 2, 2, 1, 0, 0, 0, 0, 0, 0, 0), (0, 2); 0 // 1
2, 11, (5, 2, 2, 1, 0, 0, 0, 0, 0, 0, 0), (2, 1); 0 // 1
2, 11, (5, 2, 2, 1, 0, 0, 0, 0, 0, 0, 0), (4, 0); 0 // 1
2, 11, (4, 3, 2, 1, 0, 0, 0, 0, 0, 0, 0), (0, 2); 0 // 1
2, 11, (4, 3, 2, 1, 0, 0, 0, 0, 0, 0, 0), (2, 1); 0 // 1
2, 11, (4, 3, 2, 1, 0, 0, 0, 0, 0, 0, 0), (4, 0); 0 // 1
2, 11, (3, 3, 3, 1, 0, 0, 0, 0, 0, 0, 0), (0, 2); 0 // 1
2, 11, (3, 3, 3, 1, 0, 0, 0, 0, 0, 0, 0), (2, 1); 0 // 1
2, 11, (3, 3, 3, 1, 0, 0, 0, 0, 0, 0, 0), (4, 0); 0 // 1
2, 11, (4, 2, 2, 2, 0, 0, 0, 0, 0, 0, 0), (0, 2); 0 // 1
2, 11, (4, 2, 2, 2, 0, 0, 0, 0, 0, 0, 0), (2, 1); 0 // 1
2, 11, (4, 2, 2, 2, 0, 0, 0, 0, 0, 0, 0), (4, 0); 0 // 1
2, 11, (3, 3, 2, 2, 0, 0, 0, 0, 0, 0, 0), (0, 2); 0 // 1
2, 11, (3, 3, 2, 2, 0, 0, 0, 0, 0, 0, 0), (2, 1); 0 // 1
2, 11, (3, 3, 2, 2, 0, 0, 0, 0, 0, 0, 0), (4, 0); 0 // 1
2, 11, (6, 1, 1, 1, 1, 0, 0, 0, 0, 0, 0), (0, 2); 0 // 1
2, 11, (6, 1, 1, 1, 1, 0, 0, 0, 0, 0, 0), (2, 1); 0 // 1
2, 11, (6, 1, 1, 1, 1, 0, 0, 0, 0, 0, 0), (4, 0); 0 // 1
2, 11, (5, 2, 1, 1, 1, 0, 0, 0, 0, 0, 0), (0, 2); 0 // 1
2, 11, (5, 2, 1, 1, 1, 0, 0, 0, 0, 0, 0), (2, 1); 0 // 1
2, 11, (5, 2, 1, 1, 1, 0, 0, 0, 0, 0, 0), (4, 0); 0 // 1
2, 11, (4, 3, 1, 1, 1, 0, 0, 0, 0, 0, 0), (0, 2); 0 // 1
2, 11, (4, 3, 1, 1, 1, 0, 0, 0, 0, 0, 0), (2, 1); 0 // 1
2, 11, (4, 3, 1, 1, 1, 0, 0, 0, 0, 0, 0), (4, 0); 0 // 1
2, 11, (4, 2, 2, 1, 1, 0, 0, 0, 0, 0, 0), (0, 2); 0 // 1
2, 11, (4, 2, 2, 1, 1, 0, 0, 0, 0, 0, 0), (2, 1); 0 // 1
2, 11, (4, 2, 2, 1, 1, 0, 0, 0, 0, 0, 0), (4, 0); 0 // 1
2, 11, (3, 3, 2, 1, 1, 0, 0, 0, 0, 0, 0), (0, 2); 0 // 1
2, 11, (3, 3, 2, 1, 1, 0, 0, 0, 0, 0, 0), (2, 1); 0 // 1
2, 11, (3, 3, 2, 1, 1, 0, 0, 0, 0, 0, 0), (4, 0); 0 // 1
2, 11, (3, 2, 2, 2, 1, 0, 0, 0, 0, 0, 0), (0, 2); 0 // 1
2, 11, (3, 2, 2, 2, 1, 0, 0, 0, 0, 0, 0), (2, 1); 0 // 1
2, 11, (3, 2, 2, 2, 1, 0, 0, 0, 0, 0, 0), (4, 0); 0 // 1
2, 11, (2, 2, 2, 2, 2, 0, 0, 0, 0, 0, 0), (0, 2); 0 // 1
2, 11, (2, 2, 2, 2, 2, 0, 0, 0, 0, 0, 0), (2, 1); 0 // 1
2, 11, (2, 2, 2, 2, 2, 0, 0, 0, 0, 0, 0), (4, 0); 0 // 1
2, 11, (5, 1, 1, 1, 1, 1, 0, 0, 0, 0, 0), (0, 2); 0 // 1
2, 11, (5, 1, 1, 1, 1, 1, 0, 0, 0, 0, 0), (2, 1); 0 // 1
2, 11, (5, 1, 1, 1, 1, 1, 0, 0, 0, 0, 0), (4, 0); 0 // 1
2, 11, (4, 2, 1, 1, 1, 1, 0, 0, 0, 0, 0), (0, 2); 0 // 1
2, 11, (4, 2, 1, 1, 1, 1, 0, 0, 0, 0, 0), (2, 1); 0 // 1
2, 11, (4, 2, 1, 1, 1, 1, 0, 0, 0, 0, 0), (4, 0); 0 // 1
2, 11, (3, 3, 1, 1, 1, 1, 0, 0, 0, 0, 0), (0, 2); 0 // 1
2, 11, (3, 3, 1, 1, 1, 1, 0, 0, 0, 0, 0), (2, 1); 0 // 1
2, 11, (3, 3, 1, 1, 1, 1, 0, 0, 0, 0, 0), (4, 0); 0 // 1
2, 11, (3, 2, 2, 1, 1, 1, 0, 0, 0, 0, 0), (0, 2); 0 // 1
2, 11, (3, 2, 2, 1, 1, 1, 0, 0, 0, 0, 0), (2, 1); 0 // 1
2, 11, (3, 2, 2, 1, 1, 1, 0, 0, 0, 0, 0), (4, 0); 0 // 1
2, 11, (2, 2, 2, 2, 1, 1, 0, 0, 0, 0, 0), (0, 2); 0 // 1
2, 11, (2, 2, 2, 2, 1, 1, 0, 0, 0, 0, 0), (2, 1); 0 // 1
2, 11, (2, 2, 2, 2, 1, 1, 0, 0, 0, 0, 0), (4, 0); 0 // 1
2, 11, (4, 1, 1, 1, 1, 1, 1, 0, 0, 0, 0), (0, 2); 0 // 1
2, 11, (4, 1, 1, 1, 1, 1, 1, 0, 0, 0, 0), (2, 1); 0 // 1
2, 11, (4, 1, 1, 1, 1, 1, 1, 0, 0, 0, 0), (4, 0); 0 // 1
2, 11, (3, 2, 1, 1, 1, 1, 1, 0, 0, 0, 0), (0, 2); 0 // 1
2, 11, (3, 2, 1, 1, 1, 1, 1, 0, 0, 0, 0), (2, 1); 0 // 1
2, 11, (3, 2, 1, 1, 1, 1, 1, 0, 0, 0, 0), (4, 0); 0 // 1
2, 11, (2, 2, 2, 1, 1, 1, 1, 0, 0, 0, 0), (0, 2); 0 // 1
2, 11, (2, 2, 2, 1, 1, 1, 1, 0, 0, 0, 0), (2, 1); 0 // 1
2, 11, (2, 2, 2, 1, 1, 1, 1, 0, 0, 0, 0), (4, 0); 0 // 1
2, 11, (3, 1, 1, 1, 1, 1, 1, 1, 0, 0, 0), (0, 2); 0 // 1
2, 11, (3, 1, 1, 1, 1, 1, 1, 1, 0, 0, 0), (2, 1); 0 // 1
2, 11, (3, 1, 1, 1, 1, 1, 1, 1, 0, 0, 0), (4, 0); 0 // 1
2, 11, (2, 2, 1, 1, 1, 1, 1, 1, 0, 0, 0), (0, 2); 0 // 1
2, 11, (2, 2, 1, 1, 1, 1, 1, 1, 0, 0, 0), (2, 1); 0 // 1
2, 11, (2, 2, 1, 1, 1, 1, 1, 1, 0, 0, 0), (4, 0); 0 // 1
2, 11, (2, 1, 1, 1, 1, 1, 1, 1, 1, 0, 0), (0, 2); 0 // 1
2, 11, (2, 1, 1, 1, 1, 1, 1, 1, 1, 0, 0), (2, 1); 0 // 1
2, 11, (2, 1, 1, 1, 1, 1, 1, 1, 1, 0, 0), (4, 0); 0 // 1
2, 11, (1, 1, 1, 1, 1, 1, 1, 1, 1, 1, 0), (0, 2); 0 // 1
2, 11, (1, 1, 1, 1, 1, 1, 1, 1, 1, 1, 0), (2, 1); 0 // 1
2, 11, (1, 1, 1, 1, 1, 1, 1, 1, 1, 1, 0), (4, 0); 0 // 1
2, 11, (11, 0, 0, 0, 0, 0, 0, 0, 0, 0, 0), (1, 1); 1 // 2880
2, 11, (11, 0, 0, 0, 0, 0, 0, 0, 0, 0, 0), (3, 0); 1 // 1440
2, 11, (10, 1, 0, 0, 0, 0, 0, 0, 0, 0, 0), (1, 1); 1 // 240
2, 11, (10, 1, 0, 0, 0, 0, 0, 0, 0, 0, 0), (3, 0); 1 // 120
2, 11, (9, 2, 0, 0, 0, 0, 0, 0, 0, 0, 0), (1, 1); 1 // 45
2, 11, (9, 2, 0, 0, 0, 0, 0, 0, 0, 0, 0), (3, 0); 2 // 45
2, 11, (8, 3, 0, 0, 0, 0, 0, 0, 0, 0, 0), (1, 1); 67 // 960
2, 11, (8, 3, 0, 0, 0, 0, 0, 0, 0, 0, 0), (3, 0); 67 // 480
2, 11, (7, 4, 0, 0, 0, 0, 0, 0, 0, 0, 0), (1, 1); 23 // 160
2, 11, (7, 4, 0, 0, 0, 0, 0, 0, 0, 0, 0), (3, 0); 23 // 80
2, 11, (6, 5, 0, 0, 0, 0, 0, 0, 0, 0, 0), (1, 1); 49 // 240
2, 11, (6, 5, 0, 0, 0, 0, 0, 0, 0, 0, 0), (3, 0); 49 // 120
2, 11, (9, 1, 1, 0, 0, 0, 0, 0, 0, 0, 0), (1, 1); 11 // 240
2, 11, (9, 1, 1, 0, 0, 0, 0, 0, 0, 0, 0), (3, 0); 11 // 120
2, 11, (8, 2, 1, 0, 0, 0, 0, 0, 0, 0, 0), (1, 1); 53 // 240
2, 11, (8, 2, 1, 0, 0, 0, 0, 0, 0, 0, 0), (3, 0); 53 // 120
2, 11, (7, 3, 1, 0, 0, 0, 0, 0, 0, 0, 0), (1, 1); 37 // 60
2, 11, (7, 3, 1, 0, 0, 0, 0, 0, 0, 0, 0), (3, 0); 37 // 30
2, 11, (6, 4, 1, 0, 0, 0, 0, 0, 0, 0, 0), (1, 1); 133 // 120
2, 11, (6, 4, 1, 0, 0, 0, 0, 0, 0, 0, 0), (3, 0); 133 // 60
2, 11, (5, 5, 1, 0, 0, 0, 0, 0, 0, 0, 0), (1, 1); 161 // 120
2, 11, (5, 5, 1, 0, 0, 0, 0, 0, 0, 0, 0), (3, 0); 161 // 60
2, 11, (7, 2, 2, 0, 0, 0, 0, 0, 0, 0, 0), (1, 1); 227 // 240
2, 11, (7, 2, 2, 0, 0, 0, 0, 0, 0, 0, 0), (3, 0); 227 // 120
2, 11, (6, 3, 2, 0, 0, 0, 0, 0, 0, 0, 0), (1, 1); 553 // 240
2, 11, (6, 3, 2, 0, 0, 0, 0, 0, 0, 0, 0), (3, 0); 553 // 120
2, 11, (5, 4, 2, 0, 0, 0, 0, 0, 0, 0, 0), (1, 1); 847 // 240
2, 11, (5, 4, 2, 0, 0, 0, 0, 0, 0, 0, 0), (3, 0); 847 // 120
2, 11, (5, 3, 3, 0, 0, 0, 0, 0, 0, 0, 0), (1, 1); 287 // 60
2, 11, (5, 3, 3, 0, 0, 0, 0, 0, 0, 0, 0), (3, 0); 287 // 30
2, 11, (4, 4, 3, 0, 0, 0, 0, 0, 0, 0, 0), (1, 1); 581 // 96
2, 11, (4, 4, 3, 0, 0, 0, 0, 0, 0, 0, 0), (3, 0); 581 // 48
2, 11, (8, 1, 1, 1, 0, 0, 0, 0, 0, 0, 0), (1, 1); 11 // 24
2, 11, (8, 1, 1, 1, 0, 0, 0, 0, 0, 0, 0), (3, 0); 11 // 12
2, 11, (7, 2, 1, 1, 0, 0, 0, 0, 0, 0, 0), (1, 1); 473 // 240
2, 11, (7, 2, 1, 1, 0, 0, 0, 0, 0, 0, 0), (3, 0); 473 // 120
2, 11, (6, 3, 1, 1, 0, 0, 0, 0, 0, 0, 0), (1, 1); 77 // 16
2, 11, (6, 3, 1, 1, 0, 0, 0, 0, 0, 0, 0), (3, 0); 77 // 8
2, 11, (5, 4, 1, 1, 0, 0, 0, 0, 0, 0, 0), (1, 1); 1771 // 240
2, 11, (5, 4, 1, 1, 0, 0, 0, 0, 0, 0, 0), (3, 0); 1771 // 120
2, 11, (6, 2, 2, 1, 0, 0, 0, 0, 0, 0, 0), (1, 1); 889 // 120
