4, 5, (0, 0, 0, 0, 0), (0, 1, 0, 3); 0 // 1
4, 5, (0, 0, 0, 0, 0), (2, 0, 0, 3); 0 // 1
4, 5, (0, 0, 0, 0, 0), (0, 0, 2, 2); 0 // 1
4, 5, (0, 0, 0, 0, 0), (1, 1, 1, 2); 0 // 1
4, 5, (0, 0, 0, 0, 0), (3, 0, 1, 2); 0 // 1
4, 5, (0, 0, 0, 0, 0), (0, 3, 0, 2); 0 // 1
4, 5, (0, 0, 0, 0, 0), (2, 2, 0, 2); 0 // 1
4, 5, (0, 0, 0, 0, 0), (4, 1, 0, 2); 0 // 1
4, 5, (0, 0, 0, 0, 0), (6, 0, 0, 2); 0 // 1
4, 5, (0, 0, 0, 0, 0), (1, 0, 3, 1); 0 // 1
4, 5, (0, 0, 0, 0, 0), (0, 2, 2, 1); 0 // 1
4, 5, (0, 0, 0, 0, 0), (2, 1, 2, 1); 0 // 1
4, 5, (0, 0, 0, 0, 0), (4, 0, 2, 1); 0 // 1
4, 5, (0, 0, 0, 0, 0), (1, 3, 1, 1); 0 // 1
4, 5, (0, 0, 0, 0, 0), (3, 2, 1, 1); 0 // 1
4, 5, (0, 0, 0, 0, 0), (5, 1, 1, 1); 0 // 1
4, 5, (0, 0, 0, 0, 0), (7, 0, 1, 1); 0 // 1
4, 5, (0, 0, 0, 0, 0), (0, 5, 0, 1); 0 // 1
4, 5, (0, 0, 0, 0, 0), (2, 4, 0, 1); 0 // 1
4, 5, (0, 0, 0, 0, 0), (4, 3, 0, 1); 0 // 1
4, 5, (0, 0, 0, 0, 0), (6, 2, 0, 1); 0 // 1
4, 5, (0, 0, 0, 0, 0), (8, 1, 0, 1); 0 // 1
4, 5, (0, 0, 0, 0, 0), (10, 0, 0, 1); 0 // 1
4, 5, (0, 0, 0, 0, 0), (0, 1, 4, 0); 0 // 1
4, 5, (0, 0, 0, 0, 0), (2, 0, 4, 0); 0 // 1
4, 5, (0, 0, 0, 0, 0), (1, 2, 3, 0); 0 // 1
4, 5, (0, 0, 0, 0, 0), (3, 1, 3, 0); 0 // 1
4, 5, (0, 0, 0, 0, 0), (5, 0, 3, 0); 0 // 1
4, 5, (0, 0, 0, 0, 0), (0, 4, 2, 0); 0 // 1
4, 5, (0, 0, 0, 0, 0), (2, 3, 2, 0); 0 // 1
4, 5, (0, 0, 0, 0, 0), (4, 2, 2, 0); 0 // 1
4, 5, (0, 0, 0, 0, 0), (6, 1, 2, 0); 0 // 1
4, 5, (0, 0, 0, 0, 0), (8, 0, 2, 0); 0 // 1
4, 5, (0, 0, 0, 0, 0), (1, 5, 1, 0); 0 // 1
4, 5, (0, 0, 0, 0, 0), (3, 4, 1, 0); 0 // 1
4, 5, (0, 0, 0, 0, 0), (5, 3, 1, 0); 0 // 1
4, 5, (0, 0, 0, 0, 0), (7, 2, 1, 0); 0 // 1
4, 5, (0, 0, 0, 0, 0), (9, 1, 1, 0); 0 // 1
4, 5, (0, 0, 0, 0, 0), (11, 0, 1, 0); 0 // 1
4, 5, (0, 0, 0, 0, 0), (0, 7, 0, 0); 0 // 1
4, 5, (0, 0, 0, 0, 0), (2, 6, 0, 0); 0 // 1
4, 5, (0, 0, 0, 0, 0), (4, 5, 0, 0); 0 // 1
4, 5, (0, 0, 0, 0, 0), (6, 4, 0, 0); 0 // 1
4, 5, (0, 0, 0, 0, 0), (8, 3, 0, 0); 0 // 1
4, 5, (0, 0, 0, 0, 0), (10, 2, 0, 0); 0 // 1
4, 5, (0, 0, 0, 0, 0), (12, 1, 0, 0); 0 // 1
4, 5, (0, 0, 0, 0, 0), (14, 0, 0, 0); 0 // 1
4, 5, (1, 0, 0, 0, 0), (1, 0, 0, 3); 0 // 1
4, 5, (1, 0, 0, 0, 0), (0, 1, 1, 2); 0 // 1
4, 5, (1, 0, 0, 0, 0), (2, 0, 1, 2); 0 // 1
4, 5, (1, 0, 0, 0, 0), (1, 2, 0, 2); 0 // 1
4, 5, (1, 0, 0, 0, 0), (3, 1, 0, 2); 0 // 1
4, 5, (1, 0, 0, 0, 0), (5, 0, 0, 2); 0 // 1
4, 5, (1, 0, 0, 0, 0), (0, 0, 3, 1); 0 // 1
4, 5, (1, 0, 0, 0, 0), (1, 1, 2, 1); 0 // 1
4, 5, (1, 0, 0, 0, 0), (3, 0, 2, 1); 0 // 1
4, 5, (1, 0, 0, 0, 0), (0, 3, 1, 1); 0 // 1
4, 5, (1, 0, 0, 0, 0), (2, 2, 1, 1); 0 // 1
4, 5, (1, 0, 0, 0, 0), (4, 1, 1, 1); 0 // 1
4, 5, (1, 0, 0, 0, 0), (6, 0, 1, 1); 0 // 1
4, 5, (1, 0, 0, 0, 0), (1, 4, 0, 1); 0 // 1
4, 5, (1, 0, 0, 0, 0), (3, 3, 0, 1); 0 // 1
4, 5, (1, 0, 0, 0, 0), (5, 2, 0, 1); 0 // 1
4, 5, (1, 0, 0, 0, 0), (7, 1, 0, 1); 0 // 1
4, 5, (1, 0, 0, 0, 0), (9, 0, 0, 1); 0 // 1
4, 5, (1, 0, 0, 0, 0), (1, 0, 4, 0); 0 // 1
4, 5, (1, 0, 0, 0, 0), (0, 2, 3, 0); 0 // 1
4, 5, (1, 0, 0, 0, 0), (2, 1, 3, 0); 0 // 1
4, 5, (1, 0, 0, 0, 0), (4, 0, 3, 0); 0 // 1
4, 5, (1, 0, 0, 0, 0), (1, 3, 2, 0); 0 // 1
4, 5, (1, 0, 0, 0, 0), (3, 2, 2, 0); 0 // 1
4, 5, (1, 0, 0, 0, 0), (5, 1, 2, 0); 0 // 1
4, 5, (1, 0, 0, 0, 0), (7, 0, 2, 0); 0 // 1
4, 5, (1, 0, 0, 0, 0), (0, 5, 1, 0); 0 // 1
4, 5, (1, 0, 0, 0, 0), (2, 4, 1, 0); 0 // 1
4, 5, (1, 0, 0, 0, 0), (4, 3, 1, 0); 0 // 1
4, 5, (1, 0, 0, 0, 0), (6, 2, 1, 0); 0 // 1
4, 5, (1, 0, 0, 0, 0), (8, 1, 1, 0); 0 // 1
4, 5, (1, 0, 0, 0, 0), (10, 0, 1, 0); 0 // 1
4, 5, (1, 0, 0, 0, 0), (1, 6, 0, 0); 0 // 1
4, 5, (1, 0, 0, 0, 0), (3, 5, 0, 0); 0 // 1
4, 5, (1, 0, 0, 0, 0), (5, 4, 0, 0); 0 // 1
4, 5, (1, 0, 0, 0, 0), (7, 3, 0, 0); 0 // 1
4, 5, (1, 0, 0, 0, 0), (9, 2, 0, 0); 0 // 1
4, 5, (1, 0, 0, 0, 0), (11, 1, 0, 0); 0 // 1
4, 5, (1, 0, 0, 0, 0), (13, 0, 0, 0); 0 // 1
4, 5, (2, 0, 0, 0, 0), (0, 0, 0, 3); 0 // 1
4, 5, (2, 0, 0, 0, 0), (1, 0, 1, 2); 0 // 1
4, 5, (2, 0, 0, 0, 0), (0, 2, 0, 2); 0 // 1
4, 5, (2, 0, 0, 0, 0), (2, 1, 0, 2); 0 // 1
4, 5, (2, 0, 0, 0, 0), (4, 0, 0, 2); 0 // 1
4, 5, (2, 0, 0, 0, 0), (0, 1, 2, 1); 0 // 1
4, 5, (2, 0, 0, 0, 0), (2, 0, 2, 1); 0 // 1
4, 5, (2, 0, 0, 0, 0), (1, 2, 1, 1); 0 // 1
4, 5, (2, 0, 0, 0, 0), (3, 1, 1, 1); 0 // 1
4, 5, (2, 0, 0, 0, 0), (5, 0, 1, 1); 0 // 1
4, 5, (2, 0, 0, 0, 0), (0, 4, 0, 1); 0 // 1
4, 5, (2, 0, 0, 0, 0), (2, 3, 0, 1); 0 // 1
4, 5, (2, 0, 0, 0, 0), (4, 2, 0, 1); 0 // 1
4, 5, (2, 0, 0, 0, 0), (6, 1, 0, 1); 0 // 1
4, 5, (2, 0, 0, 0, 0), (8, 0, 0, 1); 0 // 1
4, 5, (2, 0, 0, 0, 0), (0, 0, 4, 0); 0 // 1
4, 5, (2, 0, 0, 0, 0), (1, 1, 3, 0); 0 // 1
4, 5, (2, 0, 0, 0, 0), (3, 0, 3, 0); 0 // 1
4, 5, (2, 0, 0, 0, 0), (0, 3, 2, 0); 0 // 1
4, 5, (2, 0, 0, 0, 0), (2, 2, 2, 0); 0 // 1
4, 5, (2, 0, 0, 0, 0), (4, 1, 2, 0); 0 // 1
4, 5, (2, 0, 0, 0, 0), (6, 0, 2, 0); 0 // 1
4, 5, (2, 0, 0, 0, 0), (1, 4, 1, 0); 0 // 1
4, 5, (2, 0, 0, 0, 0), (3, 3, 1, 0); 0 // 1
4, 5, (2, 0, 0, 0, 0), (5, 2, 1, 0); 0 // 1
4, 5, (2, 0, 0, 0, 0), (7, 1, 1, 0); 0 // 1
4, 5, (2, 0, 0, 0, 0), (9, 0, 1, 0); 0 // 1
4, 5, (2, 0, 0, 0, 0), (0, 6, 0, 0); 0 // 1
4, 5, (2, 0, 0, 0, 0), (2, 5, 0, 0); 0 // 1
4, 5, (2, 0, 0, 0, 0), (4, 4, 0, 0); 0 // 1
4, 5, (2, 0, 0, 0, 0), (6, 3, 0, 0); 0 // 1
4, 5, (2, 0, 0, 0, 0), (8, 2, 0, 0); 0 // 1
4, 5, (2, 0, 0, 0, 0), (10, 1, 0, 0); 0 // 1
4, 5, (2, 0, 0, 0, 0), (12, 0, 0, 0); 0 // 1
4, 5, (1, 1, 0, 0, 0), (0, 0, 0, 3); 0 // 1
4, 5, (1, 1, 0, 0, 0), (1, 0, 1, 2); 0 // 1
4, 5, (1, 1, 0, 0, 0), (0, 2, 0, 2); 0 // 1
4, 5, (1, 1, 0, 0, 0), (2, 1, 0, 2); 0 // 1
4, 5, (1, 1, 0, 0, 0), (4, 0, 0, 2); 0 // 1
4, 5, (1, 1, 0, 0, 0), (0, 1, 2, 1); 0 // 1
4, 5, (1, 1, 0, 0, 0), (2, 0, 2, 1); 0 // 1
4, 5, (1, 1, 0, 0, 0), (1, 2, 1, 1); 0 // 1
4, 5, (1, 1, 0, 0, 0), (3, 1, 1, 1); 0 // 1
4, 5, (1, 1, 0, 0, 0), (5, 0, 1, 1); 0 // 1
4, 5, (1, 1, 0, 0, 0), (0, 4, 0, 1); 0 // 1
4, 5, (1, 1, 0, 0, 0), (2, 3, 0, 1); 0 // 1
4, 5, (1, 1, 0, 0, 0), (4, 2, 0, 1); 0 // 1
4, 5, (1, 1, 0, 0, 0), (6, 1, 0, 1); 0 // 1
4, 5, (1, 1, 0, 0, 0), (8, 0, 0, 1); 0 // 1
4, 5, (1, 1, 0, 0, 0), (0, 0, 4, 0); 0 // 1
4, 5, (1, 1, 0, 0, 0), (1, 1, 3, 0); 0 // 1
4, 5, (1, 1, 0, 0, 0), (3, 0, 3, 0); 0 // 1
4, 5, (1, 1, 0, 0, 0), (0, 3, 2, 0); 0 // 1
4, 5, (1, 1, 0, 0, 0), (2, 2, 2, 0); 0 // 1
4, 5, (1, 1, 0, 0, 0), (4, 1, 2, 0); 0 // 1
4, 5, (1, 1, 0, 0, 0), (6, 0, 2, 0); 0 // 1
4, 5, (1, 1, 0, 0, 0), (1, 4, 1, 0); 0 // 1
4, 5, (1, 1, 0, 0, 0), (3, 3, 1, 0); 0 // 1
4, 5, (1, 1, 0, 0, 0), (5, 2, 1, 0); 0 // 1
4, 5, (1, 1, 0, 0, 0), (7, 1, 1, 0); 0 // 1
4, 5, (1, 1, 0, 0, 0), (9, 0, 1, 0); 0 // 1
4, 5, (1, 1, 0, 0, 0), (0, 6, 0, 0); 0 // 1
4, 5, (1, 1, 0, 0, 0), (2, 5, 0, 0); 0 // 1
4, 5, (1, 1, 0, 0, 0), (4, 4, 0, 0); 0 // 1
4, 5, (1, 1, 0, 0, 0), (6, 3, 0, 0); 0 // 1
4, 5, (1, 1, 0, 0, 0), (8, 2, 0, 0); 0 // 1
4, 5, (1, 1, 0, 0, 0), (10, 1, 0, 0); 0 // 1
4, 5, (1, 1, 0, 0, 0), (12, 0, 0, 0); 0 // 1
4, 5, (3, 0, 0, 0, 0), (0, 0, 1, 2); 0 // 1
4, 5, (3, 0, 0, 0, 0), (1, 1, 0, 2); 0 // 1
4, 5, (3, 0, 0, 0, 0), (3, 0, 0, 2); 0 // 1
4, 5, (3, 0, 0, 0, 0), (1, 0, 2, 1); 0 // 1
4, 5, (3, 0, 0, 0, 0), (0, 2, 1, 1); 0 // 1
4, 5, (3, 0, 0, 0, 0), (2, 1, 1, 1); 0 // 1
4, 5, (3, 0, 0, 0, 0), (4, 0, 1, 1); 0 // 1
4, 5, (3, 0, 0, 0, 0), (1, 3, 0, 1); 0 // 1
4, 5, (3, 0, 0, 0, 0), (3, 2, 0, 1); 0 // 1
4, 5, (3, 0, 0, 0, 0), (5, 1, 0, 1); 0 // 1
4, 5, (3, 0, 0, 0, 0), (7, 0, 0, 1); 0 // 1
4, 5, (3, 0, 0, 0, 0), (0, 1, 3, 0); 0 // 1
4, 5, (3, 0, 0, 0, 0), (2, 0, 3, 0); 0 // 1
4, 5, (3, 0, 0, 0, 0), (1, 2, 2, 0); 0 // 1
4, 5, (3, 0, 0, 0, 0), (3, 1, 2, 0); 0 // 1
4, 5, (3, 0, 0, 0, 0), (5, 0, 2, 0); 0 // 1
4, 5, (3, 0, 0, 0, 0), (0, 4, 1, 0); 0 // 1
4, 5, (3, 0, 0, 0, 0), (2, 3, 1, 0); 0 // 1
4, 5, (3, 0, 0, 0, 0), (4, 2, 1, 0); 0 // 1
4, 5, (3, 0, 0, 0, 0), (6, 1, 1, 0); 0 // 1
4, 5, (3, 0, 0, 0, 0), (8, 0, 1, 0); 0 // 1
4, 5, (3, 0, 0, 0, 0), (1, 5, 0, 0); 0 // 1
4, 5, (3, 0, 0, 0, 0), (3, 4, 0, 0); 0 // 1
4, 5, (3, 0, 0, 0, 0), (5, 3, 0, 0); 0 // 1
4, 5, (3, 0, 0, 0, 0), (7, 2, 0, 0); 0 // 1
4, 5, (3, 0, 0, 0, 0), (9, 1, 0, 0); 0 // 1
4, 5, (3, 0, 0, 0, 0), (11, 0, 0, 0); 0 // 1
4, 5, (2, 1, 0, 0, 0), (0, 0, 1, 2); 0 // 1
4, 5, (2, 1, 0, 0, 0), (1, 1, 0, 2); 0 // 1
4, 5, (2, 1, 0, 0, 0), (3, 0, 0, 2); 0 // 1
4, 5, (2, 1, 0, 0, 0), (1, 0, 2, 1); 0 // 1
4, 5, (2, 1, 0, 0, 0), (0, 2, 1, 1); 0 // 1
4, 5, (2, 1, 0, 0, 0), (2, 1, 1, 1); 0 // 1
4, 5, (2, 1, 0, 0, 0), (4, 0, 1, 1); 0 // 1
4, 5, (2, 1, 0, 0, 0), (1, 3, 0, 1); 0 // 1
4, 5, (2, 1, 0, 0, 0), (3, 2, 0, 1); 0 // 1
4, 5, (2, 1, 0, 0, 0), (5, 1, 0, 1); 0 // 1
4, 5, (2, 1, 0, 0, 0), (7, 0, 0, 1); 0 // 1
4, 5, (2, 1, 0, 0, 0), (0, 1, 3, 0); 0 // 1
4, 5, (2, 1, 0, 0, 0), (2, 0, 3, 0); 0 // 1
4, 5, (2, 1, 0, 0, 0), (1, 2, 2, 0); 0 // 1
4, 5, (2, 1, 0, 0, 0), (3, 1, 2, 0); 0 // 1
4, 5, (2, 1, 0, 0, 0), (5, 0, 2, 0); 0 // 1
4, 5, (2, 1, 0, 0, 0), (0, 4, 1, 0); 0 // 1
4, 5, (2, 1, 0, 0, 0), (2, 3, 1, 0); 0 // 1
4, 5, (2, 1, 0, 0, 0), (4, 2, 1, 0); 0 // 1
4, 5, (2, 1, 0, 0, 0), (6, 1, 1, 0); 0 // 1
4, 5, (2, 1, 0, 0, 0), (8, 0, 1, 0); 0 // 1
4, 5, (2, 1, 0, 0, 0), (1, 5, 0, 0); 0 // 1
4, 5, (2, 1, 0, 0, 0), (3, 4, 0, 0); 0 // 1
4, 5, (2, 1, 0, 0, 0), (5, 3, 0, 0); 0 // 1
4, 5, (2, 1, 0, 0, 0), (7, 2, 0, 0); 0 // 1
4, 5, (2, 1, 0, 0, 0), (9, 1, 0, 0); 0 // 1
4, 5, (2, 1, 0, 0, 0), (11, 0, 0, 0); 0 // 1
4, 5, (1, 1, 1, 0, 0), (0, 0, 1, 2); 0 // 1
4, 5, (1, 1, 1, 0, 0), (1, 1, 0, 2); 0 // 1
4, 5, (1, 1, 1, 0, 0), (3, 0, 0, 2); 0 // 1
4, 5, (1, 1, 1, 0, 0), (1, 0, 2, 1); 0 // 1
4, 5, (1, 1, 1, 0, 0), (0, 2, 1, 1); 0 // 1
4, 5, (1, 1, 1, 0, 0), (2, 1, 1, 1); 0 // 1
4, 5, (1, 1, 1, 0, 0), (4, 0, 1, 1); 0 // 1
4, 5, (1, 1, 1, 0, 0), (1, 3, 0, 1); 0 // 1
4, 5, (1, 1, 1, 0, 0), (3, 2, 0, 1); 0 // 1
4, 5, (1, 1, 1, 0, 0), (5, 1, 0, 1); 0 // 1
4, 5, (1, 1, 1, 0, 0), (7, 0, 0, 1); 0 // 1
4, 5, (1, 1, 1, 0, 0), (0, 1, 3, 0); 0 // 1
4, 5, (1, 1, 1, 0, 0), (2, 0, 3, 0); 0 // 1
4, 5, (1, 1, 1, 0, 0), (1, 2, 2, 0); 0 // 1
4, 5, (1, 1, 1, 0, 0), (3, 1, 2, 0); 0 // 1
4, 5, (1, 1, 1, 0, 0), (5, 0, 2, 0); 0 // 1
4, 5, (1, 1, 1, 0, 0), (0, 4, 1, 0); 0 // 1
4, 5, (1, 1, 1, 0, 0), (2, 3, 1, 0); 0 // 1
4, 5, (1, 1, 1, 0, 0), (4, 2, 1, 0); 0 // 1
4, 5, (1, 1, 1, 0, 0), (6, 1, 1, 0); 0 // 1
4, 5, (1, 1, 1, 0, 0), (8, 0, 1, 0); 0 // 1
4, 5, (1, 1, 1, 0, 0), (1, 5, 0, 0); 0 // 1
4, 5, (1, 1, 1, 0, 0), (3, 4, 0, 0); 0 // 1
4, 5, (1, 1, 1, 0, 0), (5, 3, 0, 0); 0 // 1
4, 5, (1, 1, 1, 0, 0), (7, 2, 0, 0); 0 // 1
4, 5, (1, 1, 1, 0, 0), (9, 1, 0, 0); 0 // 1
4, 5, (1, 1, 1, 0, 0), (11, 0, 0, 0); 0 // 1
4, 5, (4, 0, 0, 0, 0), (0, 1, 0, 2); 0 // 1
4, 5, (4, 0, 0, 0, 0), (2, 0, 0, 2); 0 // 1
4, 5, (4, 0, 0, 0, 0), (0, 0, 2, 1); 0 // 1
4, 5, (4, 0, 0, 0, 0), (1, 1, 1, 1); 0 // 1
4, 5, (4, 0, 0, 0, 0), (3, 0, 1, 1); 0 // 1
4, 5, (4, 0, 0, 0, 0), (0, 3, 0, 1); 0 // 1
4, 5, (4, 0, 0, 0, 0), (2, 2, 0, 1); 0 // 1
4, 5, (4, 0, 0, 0, 0), (4, 1, 0, 1); 0 // 1
4, 5, (4, 0, 0, 0, 0), (6, 0, 0, 1); 0 // 1
4, 5, (4, 0, 0, 0, 0), (1, 0, 3, 0); 0 // 1
4, 5, (4, 0, 0, 0, 0), (0, 2, 2, 0); 0 // 1
4, 5, (4, 0, 0, 0, 0), (2, 1, 2, 0); 0 // 1
4, 5, (4, 0, 0, 0, 0), (4, 0, 2, 0); 0 // 1
4, 5, (4, 0, 0, 0, 0), (1, 3, 1, 0); 0 // 1
4, 5, (4, 0, 0, 0, 0), (3, 2, 1, 0); 0 // 1
4, 5, (4, 0, 0, 0, 0), (5, 1, 1, 0); 0 // 1
4, 5, (4, 0, 0, 0, 0), (7, 0, 1, 0); 0 // 1
4, 5, (4, 0, 0, 0, 0), (0, 5, 0, 0); 0 // 1
4, 5, (4, 0, 0, 0, 0), (2, 4, 0, 0); 0 // 1
4, 5, (4, 0, 0, 0, 0), (4, 3, 0, 0); 0 // 1
4, 5, (4, 0, 0, 0, 0), (6, 2, 0, 0); 0 // 1
4, 5, (4, 0, 0, 0, 0), (8, 1, 0, 0); 0 // 1
4, 5, (4, 0, 0, 0, 0), (10, 0, 0, 0); 0 // 1
4, 5, (3, 1, 0, 0, 0), (0, 1, 0, 2); 0 // 1
4, 5, (3, 1, 0, 0, 0), (2, 0, 0, 2); 0 // 1
4, 5, (3, 1, 0, 0, 0), (0, 0, 2, 1); 0 // 1
4, 5, (3, 1, 0, 0, 0), (1, 1, 1, 1); 0 // 1
4, 5, (3, 1, 0, 0, 0), (3, 0, 1, 1); 0 // 1
4, 5, (3, 1, 0, 0, 0), (0, 3, 0, 1); 0 // 1
4, 5, (3, 1, 0, 0, 0), (2, 2, 0, 1); 0 // 1
4, 5, (3, 1, 0, 0, 0), (4, 1, 0, 1); 0 // 1
4, 5, (3, 1, 0, 0, 0), (6, 0, 0, 1); 0 // 1
4, 5, (3, 1, 0, 0, 0), (1, 0, 3, 0); 0 // 1
4, 5, (3, 1, 0, 0, 0), (0, 2, 2, 0); 0 // 1
4, 5, (3, 1, 0, 0, 0), (2, 1, 2, 0); 0 // 1
4, 5, (3, 1, 0, 0, 0), (4, 0, 2, 0); 0 // 1
4, 5, (3, 1, 0, 0, 0), (1, 3, 1, 0); 0 // 1
4, 5, (3, 1, 0, 0, 0), (3, 2, 1, 0); 0 // 1
4, 5, (3, 1, 0, 0, 0), (5, 1, 1, 0); 0 // 1
4, 5, (3, 1, 0, 0, 0), (7, 0, 1, 0); 0 // 1
4, 5, (3, 1, 0, 0, 0), (0, 5, 0, 0); 0 // 1
4, 5, (3, 1, 0, 0, 0), (2, 4, 0, 0); 0 // 1
4, 5, (3, 1, 0, 0, 0), (4, 3, 0, 0); 0 // 1
4, 5, (3, 1, 0, 0, 0), (6, 2, 0, 0); 0 // 1
4, 5, (3, 1, 0, 0, 0), (8, 1, 0, 0); 0 // 1
4, 5, (3, 1, 0, 0, 0), (10, 0, 0, 0); 0 // 1
4, 5, (2, 2, 0, 0, 0), (0, 1, 0, 2); 0 // 1
4, 5, (2, 2, 0, 0, 0), (2, 0, 0, 2); 0 // 1
4, 5, (2, 2, 0, 0, 0), (0, 0, 2, 1); 0 // 1
4, 5, (2, 2, 0, 0, 0), (1, 1, 1, 1); 0 // 1
4, 5, (2, 2, 0, 0, 0), (3, 0, 1, 1); 0 // 1
4, 5, (2, 2, 0, 0, 0), (0, 3, 0, 1); 0 // 1
4, 5, (2, 2, 0, 0, 0), (2, 2, 0, 1); 0 // 1
4, 5, (2, 2, 0, 0, 0), (4, 1, 0, 1); 0 // 1
4, 5, (2, 2, 0, 0, 0), (6, 0, 0, 1); 0 // 1
4, 5, (2, 2, 0, 0, 0), (1, 0, 3, 0); 0 // 1
4, 5, (2, 2, 0, 0, 0), (0, 2, 2, 0); 0 // 1
4, 5, (2, 2, 0, 0, 0), (2, 1, 2, 0); 0 // 1
4, 5, (2, 2, 0, 0, 0), (4, 0, 2, 0); 0 // 1
4, 5, (2, 2, 0, 0, 0), (1, 3, 1, 0); 0 // 1
4, 5, (2, 2, 0, 0, 0), (3, 2, 1, 0); 0 // 1
4, 5, (2, 2, 0, 0, 0), (5, 1, 1, 0); 0 // 1
4, 5, (2, 2, 0, 0, 0), (7, 0, 1, 0); 0 // 1
4, 5, (2, 2, 0, 0, 0), (0, 5, 0, 0); 0 // 1
4, 5, (2, 2, 0, 0, 0), (2, 4, 0, 0); 0 // 1
4, 5, (2, 2, 0, 0, 0), (4, 3, 0, 0); 0 // 1
4, 5, (2, 2, 0, 0, 0), (6, 2, 0, 0); 0 // 1
4, 5, (2, 2, 0, 0, 0), (8, 1, 0, 0); 0 // 1
4, 5, (2, 2, 0, 0, 0), (10, 0, 0, 0); 0 // 1
4, 5, (2, 1, 1, 0, 0), (0, 1, 0, 2); 0 // 1
4, 5, (2, 1, 1, 0, 0), (2, 0, 0, 2); 0 // 1
4, 5, (2, 1, 1, 0, 0), (0, 0, 2, 1); 0 // 1
4, 5, (2, 1, 1, 0, 0), (1, 1, 1, 1); 0 // 1
4, 5, (2, 1, 1, 0, 0), (3, 0, 1, 1); 0 // 1
4, 5, (2, 1, 1, 0, 0), (0, 3, 0, 1); 0 // 1
4, 5, (2, 1, 1, 0, 0), (2, 2, 0, 1); 0 // 1
4, 5, (2, 1, 1, 0, 0), (4, 1, 0, 1); 0 // 1
4, 5, (2, 1, 1, 0, 0), (6, 0, 0, 1); 0 // 1
4, 5, (2, 1, 1, 0, 0), (1, 0, 3, 0); 0 // 1
4, 5, (2, 1, 1, 0, 0), (0, 2, 2, 0); 0 // 1
4, 5, (2, 1, 1, 0, 0), (2, 1, 2, 0); 0 // 1
4, 5, (2, 1, 1, 0, 0), (4, 0, 2, 0); 0 // 1
4, 5, (2, 1, 1, 0, 0), (1, 3, 1, 0); 0 // 1
4, 5, (2, 1, 1, 0, 0), (3, 2, 1, 0); 0 // 1
4, 5, (2, 1, 1, 0, 0), (5, 1, 1, 0); 0 // 1
4, 5, (2, 1, 1, 0, 0), (7, 0, 1, 0); 0 // 1
4, 5, (2, 1, 1, 0, 0), (0, 5, 0, 0); 0 // 1
4, 5, (2, 1, 1, 0, 0), (2, 4, 0, 0); 0 // 1
4, 5, (2, 1, 1, 0, 0), (4, 3, 0, 0); 0 // 1
4, 5, (2, 1, 1, 0, 0), (6, 2, 0, 0); 0 // 1
4, 5, (2, 1, 1, 0, 0), (8, 1, 0, 0); 0 // 1
4, 5, (2, 1, 1, 0, 0), (10, 0, 0, 0); 0 // 1
4, 5, (1, 1, 1, 1, 0), (0, 1, 0, 2); 0 // 1
4, 5, (1, 1, 1, 1, 0), (2, 0, 0, 2); 0 // 1
4, 5, (1, 1, 1, 1, 0), (0, 0, 2, 1); 0 // 1
4, 5, (1, 1, 1, 1, 0), (1, 1, 1, 1); 0 // 1
4, 5, (1, 1, 1, 1, 0), (3, 0, 1, 1); 0 // 1
4, 5, (1, 1, 1, 1, 0), (0, 3, 0, 1); 0 // 1
4, 5, (1, 1, 1, 1, 0), (2, 2, 0, 1); 0 // 1
4, 5, (1, 1, 1, 1, 0), (4, 1, 0, 1); 0 // 1
4, 5, (1, 1, 1, 1, 0), (6, 0, 0, 1); 0 // 1
4, 5, (1, 1, 1, 1, 0), (1, 0, 3, 0); 0 // 1
4, 5, (1, 1, 1, 1, 0), (0, 2, 2, 0); 0 // 1
4, 5, (1, 1, 1, 1, 0), (2, 1, 2, 0); 0 // 1
4, 5, (1, 1, 1, 1, 0), (4, 0, 2, 0); 0 // 1
4, 5, (1, 1, 1, 1, 0), (1, 3, 1, 0); 0 // 1
4, 5, (1, 1, 1, 1, 0), (3, 2, 1, 0); 0 // 1
4, 5, (1, 1, 1, 1, 0), (5, 1, 1, 0); 0 // 1
4, 5, (1, 1, 1, 1, 0), (7, 0, 1, 0); 0 // 1
4, 5, (1, 1, 1, 1, 0), (0, 5, 0, 0); 0 // 1
4, 5, (1, 1, 1, 1, 0), (2, 4, 0, 0); 0 // 1
4, 5, (1, 1, 1, 1, 0), (4, 3, 0, 0); 0 // 1
4, 5, (1, 1, 1, 1, 0), (6, 2, 0, 0); 0 // 1
4, 5, (1, 1, 1, 1, 0), (8, 1, 0, 0); 0 // 1
4, 5, (1, 1, 1, 1, 0), (10, 0, 0, 0); 0 // 1
4, 5, (5, 0, 0, 0, 0), (1, 0, 0, 2); 0 // 1
4, 5, (5, 0, 0, 0, 0), (0, 1, 1, 1); 1 // 14515200
4, 5, (5, 0, 0, 0, 0), (2, 0, 1, 1); 1 // 7257600
4, 5, (5, 0, 0, 0, 0), (1, 2, 0, 1); 1 // 3628800
4, 5, (5, 0, 0, 0, 0), (3, 1, 0, 1); 1 // 1814400
4, 5, (5, 0, 0, 0, 0), (5, 0, 0, 1); 1 // 907200
4, 5, (5, 0, 0, 0, 0), (0, 0, 3, 0); 1 // 7257600
4, 5, (5, 0, 0, 0, 0), (1, 1, 2, 0); 1 // 1814400
4, 5, (5, 0, 0, 0, 0), (3, 0, 2, 0); 1 // 907200
4, 5, (5, 0, 0, 0, 0), (0, 3, 1, 0); 1 // 1036800
4, 5, (5, 0, 0, 0, 0), (2, 2, 1, 0); 1 // 518400
4, 5, (5, 0, 0, 0, 0), (4, 1, 1, 0); 1 // 259200
4, 5, (5, 0, 0, 0, 0), (6, 0, 1, 0); 1 // 129600
4, 5, (5, 0, 0, 0, 0), (1, 4, 0, 0); 1 // 302400
4, 5, (5, 0, 0, 0, 0), (3, 3, 0, 0); 1 // 151200
4, 5, (5, 0, 0, 0, 0), (5, 2, 0, 0); 1 // 75600
4, 5, (5, 0, 0, 0, 0), (7, 1, 0, 0); 1 // 37800
4, 5, (5, 0, 0, 0, 0), (9, 0, 0, 0); 1 // 18900
4, 5, (4, 1, 0, 0, 0), (1, 0, 0, 2); 0 // 1
4, 5, (4, 1, 0, 0, 0), (0, 1, 1, 1); 1 // 1451520
4, 5, (4, 1, 0, 0, 0), (2, 0, 1, 1); 1 // 725760
4, 5, (4, 1, 0, 0, 0), (1, 2, 0, 1); 1 // 362880
4, 5, (4, 1, 0, 0, 0), (3, 1, 0, 1); 1 // 181440
4, 5, (4, 1, 0, 0, 0), (5, 0, 0, 1); 1 // 90720
4, 5, (4, 1, 0, 0, 0), (0, 0, 3, 0); 1 // 725760
4, 5, (4, 1, 0, 0, 0), (1, 1, 2, 0); 1 // 181440
4, 5, (4, 1, 0, 0, 0), (3, 0, 2, 0); 1 // 90720
4, 5, (4, 1, 0, 0, 0), (0, 3, 1, 0); 1 // 103680
4, 5, (4, 1, 0, 0, 0), (2, 2, 1, 0); 1 // 51840
4, 5, (4, 1, 0, 0, 0), (4, 1, 1, 0); 1 // 25920
4, 5, (4, 1, 0, 0, 0), (6, 0, 1, 0); 1 // 12960
4, 5, (4, 1, 0, 0, 0), (1, 4, 0, 0); 1 // 30240
4, 5, (4, 1, 0, 0, 0), (3, 3, 0, 0); 1 // 15120
4, 5, (4, 1, 0, 0, 0), (5, 2, 0, 0); 1 // 7560
4, 5, (4, 1, 0, 0, 0), (7, 1, 0, 0); 1 // 3780
4, 5, (4, 1, 0, 0, 0), (9, 0, 0, 0); 1 // 1890
4, 5, (3, 2, 0, 0, 0), (1, 0, 0, 2); 0 // 1
4, 5, (3, 2, 0, 0, 0), (0, 1, 1, 1); 1 // 580608
4, 5, (3, 2, 0, 0, 0), (2, 0, 1, 1); 1 // 290304
4, 5, (3, 2, 0, 0, 0), (1, 2, 0, 1); 1 // 145152
4, 5, (3, 2, 0, 0, 0), (3, 1, 0, 1); 1 // 72576
4, 5, (3, 2, 0, 0, 0), (5, 0, 0, 1); 1 // 36288
4, 5, (3, 2, 0, 0, 0), (0, 0, 3, 0); 1 // 290304
4, 5, (3, 2, 0, 0, 0), (1, 1, 2, 0); 1 // 72576
4, 5, (3, 2, 0, 0, 0), (3, 0, 2, 0); 1 // 36288
4, 5, (3, 2, 0, 0, 0), (0, 3, 1, 0); 1 // 41472
4, 5, (3, 2, 0, 0, 0), (2, 2, 1, 0); 1 // 20736
4, 5, (3, 2, 0, 0, 0), (4, 1, 1, 0); 1 // 10368
4, 5, (3, 2, 0, 0, 0), (6, 0, 1, 0); 1 // 5184
4, 5, (3, 2, 0, 0, 0), (1, 4, 0, 0); 1 // 12096
4, 5, (3, 2, 0, 0, 0), (3, 3, 0, 0); 1 // 6048
4, 5, (3, 2, 0, 0, 0), (5, 2, 0, 0); 1 // 3024
4, 5, (3, 2, 0, 0, 0), (7, 1, 0, 0); 1 // 1512
4, 5, (3, 2, 0, 0, 0), (9, 0, 0, 0); 1 // 756
4, 5, (3, 1, 1, 0, 0), (1, 0, 0, 2); 0 // 1
4, 5, (3, 1, 1, 0, 0), (0, 1, 1, 1); 1 // 161280
4, 5, (3, 1, 1, 0, 0), (2, 0, 1, 1); 1 // 80640
4, 5, (3, 1, 1, 0, 0), (1, 2, 0, 1); 1 // 40320
4, 5, (3, 1, 1, 0, 0), (3, 1, 0, 1); 1 // 20160
4, 5, (3, 1, 1, 0, 0), (5, 0, 0, 1); 1 // 10080
4, 5, (3, 1, 1, 0, 0), (0, 0, 3, 0); 1 // 80640
4, 5, (3, 1, 1, 0, 0), (1, 1, 2, 0); 1 // 20160
4, 5, (3, 1, 1, 0, 0), (3, 0, 2, 0); 1 // 10080
4, 5, (3, 1, 1, 0, 0), (0, 3, 1, 0); 1 // 11520
4, 5, (3, 1, 1, 0, 0), (2, 2, 1, 0); 1 // 5760
4, 5, (3, 1, 1, 0, 0), (4, 1, 1, 0); 1 // 2880
4, 5, (3, 1, 1, 0, 0), (6, 0, 1, 0); 1 // 1440
4, 5, (3, 1, 1, 0, 0), (1, 4, 0, 0); 1 // 3360
4, 5, (3, 1, 1, 0, 0), (3, 3, 0, 0); 1 // 1680
4, 5, (3, 1, 1, 0, 0), (5, 2, 0, 0); 1 // 840
4, 5, (3, 1, 1, 0, 0), (7, 1, 0, 0); 1 // 420
4, 5, (3, 1, 1, 0, 0), (9, 0, 0, 0); 1 // 210
4, 5, (2, 2, 1, 0, 0), (1, 0, 0, 2); 0 // 1
4, 5, (2, 2, 1, 0, 0), (0, 1, 1, 1); 1 // 90720
4, 5, (2, 2, 1, 0, 0), (2, 0, 1, 1); 1 // 45360
4, 5, (2, 2, 1, 0, 0), (1, 2, 0, 1); 1 // 22680
4, 5, (2, 2, 1, 0, 0), (3, 1, 0, 1); 1 // 11340
4, 5, (2, 2, 1, 0, 0), (5, 0, 0, 1); 1 // 5670
4, 5, (2, 2, 1, 0, 0), (0, 0, 3, 0); 1 // 45360
4, 5, (2, 2, 1, 0, 0), (1, 1, 2, 0); 1 // 11340
4, 5, (2, 2, 1, 0, 0), (3, 0, 2, 0); 1 // 5670
4, 5, (2, 2, 1, 0, 0), (0, 3, 1, 0); 1 // 6480
4, 5, (2, 2, 1, 0, 0), (2, 2, 1, 0); 1 // 3240
4, 5, (2, 2, 1, 0, 0), (4, 1, 1, 0); 1 // 1620
4, 5, (2, 2, 1, 0, 0), (6, 0, 1, 0); 1 // 810
4, 5, (2, 2, 1, 0, 0), (1, 4, 0, 0); 1 // 1890
4, 5, (2, 2, 1, 0, 0), (3, 3, 0, 0); 1 // 945
4, 5, (2, 2, 1, 0, 0), (5, 2, 0, 0); 2 // 945
4, 5, (2, 2, 1, 0, 0), (7, 1, 0, 0); 4 // 945
4, 5, (2, 2, 1, 0, 0), (9, 0, 0, 0); 8 // 945
4, 5, (2, 1, 1, 1, 0), (1, 0, 0, 2); 0 // 1
4, 5, (2, 1, 1, 1, 0), (0, 1, 1, 1); 1 // 20160
4, 5, (2, 1, 1, 1, 0), (2, 0, 1, 1); 1 // 10080
4, 5, (2, 1, 1, 1, 0), (1, 2, 0, 1); 1 // 5040
4, 5, (2, 1, 1, 1, 0), (3, 1, 0, 1); 1 // 2520
4, 5, (2, 1, 1, 1, 0), (5, 0, 0, 1); 1 // 1260
4, 5, (2, 1, 1, 1, 0), (0, 0, 3, 0); 1 // 10080
4, 5, (2, 1, 1, 1, 0), (1, 1, 2, 0); 1 // 2520
4, 5, (2, 1, 1, 1, 0), (3, 0, 2, 0); 1 // 1260
4, 5, (2, 1, 1, 1, 0), (0, 3, 1, 0); 1 // 1440
4, 5, (2, 1, 1, 1, 0), (2, 2, 1, 0); 1 // 720
4, 5, (2, 1, 1, 1, 0), (4, 1, 1, 0); 1 // 360
4, 5, (2, 1, 1, 1, 0), (6, 0, 1, 0); 1 // 180
4, 5, (2, 1, 1, 1, 0), (1, 4, 0, 0); 1 // 420
4, 5, (2, 1, 1, 1, 0), (3, 3, 0, 0); 1 // 210
4, 5, (2, 1, 1, 1, 0), (5, 2, 0, 0); 1 // 105
4, 5, (2, 1, 1, 1, 0), (7, 1, 0, 0); 2 // 105
4, 5, (2, 1, 1, 1, 0), (9, 0, 0, 0); 4 // 105
4, 5, (1, 1, 1, 1, 1), (1, 0, 0, 2); 0 // 1
4, 5, (1, 1, 1, 1, 1), (0, 1, 1, 1); 1 // 2880
4, 5, (1, 1, 1, 1, 1), (2, 0, 1, 1); 1 // 1440
4, 5, (1, 1, 1, 1, 1), (1, 2, 0, 1); 1 // 720
4, 5, (1, 1, 1, 1, 1), (3, 1, 0, 1); 1 // 360
4, 5, (1, 1, 1, 1, 1), (5, 0, 0, 1); 1 // 180
4, 5, (1, 1, 1, 1, 1), (0, 0, 3, 0); 1 // 1440
4, 5, (1, 1, 1, 1, 1), (1, 1, 2, 0); 1 // 360
4, 5, (1, 1, 1, 1, 1), (3, 0, 2, 0); 1 // 180
4, 5, (1, 1, 1, 1, 1), (0, 3, 1, 0); 7 // 1440
4, 5, (1, 1, 1, 1, 1), (2, 2, 1, 0); 7 // 720
4, 5, (1, 1, 1, 1, 1), (4, 1, 1, 0); 7 // 360
4, 5, (1, 1, 1, 1, 1), (6, 0, 1, 0); 7 // 180
4, 5, (1, 1, 1, 1, 1), (1, 4, 0, 0); 1 // 60
4, 5, (1, 1, 1, 1, 1), (3, 3, 0, 0); 1 // 30
4, 5, (1, 1, 1, 1, 1), (5, 2, 0, 0); 1 // 15
4, 5, (1, 1, 1, 1, 1), (7, 1, 0, 0); 2 // 15
4, 5, (1, 1, 1, 1, 1), (9, 0, 0, 0); 4 // 15
4, 5, (6, 0, 0, 0, 0), (0, 0, 0, 2); 0 // 1
4, 5, (6, 0, 0, 0, 0), (1, 0, 1, 1); 1 // 3628800
4, 5, (6, 0, 0, 0, 0), (0, 2, 0, 1); 1 // 1814400
4, 5, (6, 0, 0, 0, 0), (2, 1, 0, 1); 1 // 907200
4, 5, (6, 0, 0, 0, 0), (4, 0, 0, 1); 1 // 453600
4, 5, (6, 0, 0, 0, 0), (0, 1, 2, 0); 1 // 907200
4, 5, (6, 0, 0, 0, 0), (2, 0, 2, 0); 1 // 453600
4, 5, (6, 0, 0, 0, 0), (1, 2, 1, 0); 1 // 259200
4, 5, (6, 0, 0, 0, 0), (3, 1, 1, 0); 1 // 129600
4, 5, (6, 0, 0, 0, 0), (5, 0, 1, 0); 1 // 64800
4, 5, (6, 0, 0, 0, 0), (0, 4, 0, 0); 1 // 151200
4, 5, (6, 0, 0, 0, 0), (2, 3, 0, 0); 1 // 75600
4, 5, (6, 0, 0, 0, 0), (4, 2, 0, 0); 1 // 37800
4, 5, (6, 0, 0, 0, 0), (6, 1, 0, 0); 1 // 18900
4, 5, (6, 0, 0, 0, 0), (8, 0, 0, 0); 1 // 9450
4, 5, (5, 1, 0, 0, 0), (0, 0, 0, 2); 0 // 1
4, 5, (5, 1, 0, 0, 0), (1, 0, 1, 1); 1 // 362880
4, 5, (5, 1, 0, 0, 0), (0, 2, 0, 1); 1 // 181440
4, 5, (5, 1, 0, 0, 0), (2, 1, 0, 1); 1 // 90720
4, 5, (5, 1, 0, 0, 0), (4, 0, 0, 1); 1 // 45360
4, 5, (5, 1, 0, 0, 0), (0, 1, 2, 0); 1 // 90720
4, 5, (5, 1, 0, 0, 0), (2, 0, 2, 0); 1 // 45360
4, 5, (5, 1, 0, 0, 0), (1, 2, 1, 0); 1 // 25920
4, 5, (5, 1, 0, 0, 0), (3, 1, 1, 0); 1 // 12960
4, 5, (5, 1, 0, 0, 0), (5, 0, 1, 0); 1 // 6480
4, 5, (5, 1, 0, 0, 0), (0, 4, 0, 0); 1 // 15120
4, 5, (5, 1, 0, 0, 0), (2, 3, 0, 0); 1 // 7560
4, 5, (5, 1, 0, 0, 0), (4, 2, 0, 0); 1 // 3780
4, 5, (5, 1, 0, 0, 0), (6, 1, 0, 0); 1 // 1890
4, 5, (5, 1, 0, 0, 0), (8, 0, 0, 0); 1 // 945
4, 5, (4, 2, 0, 0, 0), (0, 0, 0, 2); 0 // 1
4, 5, (4, 2, 0, 0, 0), (1, 0, 1, 1); 31 // 3628800
4, 5, (4, 2, 0, 0, 0), (0, 2, 0, 1); 31 // 1814400
4, 5, (4, 2, 0, 0, 0), (2, 1, 0, 1); 31 // 907200
4, 5, (4, 2, 0, 0, 0), (4, 0, 0, 1); 31 // 453600
4, 5, (4, 2, 0, 0, 0), (0, 1, 2, 0); 31 // 907200
4, 5, (4, 2, 0, 0, 0), (2, 0, 2, 0); 31 // 453600
4, 5, (4, 2, 0, 0, 0), (1, 2, 1, 0); 31 // 259200
4, 5, (4, 2, 0, 0, 0), (3, 1, 1, 0); 31 // 129600
4, 5, (4, 2, 0, 0, 0), (5, 0, 1, 0); 31 // 64800
4, 5, (4, 2, 0, 0, 0), (0, 4, 0, 0); 31 // 151200
4, 5, (4, 2, 0, 0, 0), (2, 3, 0, 0); 31 // 75600
4, 5, (4, 2, 0, 0, 0), (4, 2, 0, 0); 31 // 37800
4, 5, (4, 2, 0, 0, 0), (6, 1, 0, 0); 31 // 18900
4, 5, (4, 2, 0, 0, 0), (8, 0, 0, 0); 31 // 9450
4, 5, (3, 3, 0, 0, 0), (0, 0, 0, 2); 0 // 1
4, 5, (3, 3, 0, 0, 0), (1, 0, 1, 1); 11 // 907200
4, 5, (3, 3, 0, 0, 0), (0, 2, 0, 1); 11 // 453600
4, 5, (3, 3, 0, 0, 0), (2, 1, 0, 1); 11 // 226800
4, 5, (3, 3, 0, 0, 0), (4, 0, 0, 1); 11 // 113400
4, 5, (3, 3, 0, 0, 0), (0, 1, 2, 0); 11 // 226800
4, 5, (3, 3, 0, 0, 0), (2, 0, 2, 0); 11 // 113400
4, 5, (3, 3, 0, 0, 0), (1, 2, 1, 0); 11 // 64800
4, 5, (3, 3, 0, 0, 0), (3, 1, 1, 0); 11 // 32400
4, 5, (3, 3, 0, 0, 0), (5, 0, 1, 0); 11 // 16200
4, 5, (3, 3, 0, 0, 0), (0, 4, 0, 0); 11 // 37800
4, 5, (3, 3, 0, 0, 0), (2, 3, 0, 0); 11 // 18900
4, 5, (3, 3, 0, 0, 0), (4, 2, 0, 0); 11 // 9450
4, 5, (3, 3, 0, 0, 0), (6, 1, 0, 0); 11 // 4725
4, 5, (3, 3, 0, 0, 0), (8, 0, 0, 0); 22 // 4725
4, 5, (4, 1, 1, 0, 0), (0, 0, 0, 2); 0 // 1
4, 5, (4, 1, 1, 0, 0), (1, 0, 1, 1); 1 // 40320
4, 5, (4, 1, 1, 0, 0), (0, 2, 0, 1); 1 // 20160
4, 5, (4, 1, 1, 0, 0), (2, 1, 0, 1); 1 // 10080
4, 5, (4, 1, 1, 0, 0), (4, 0, 0, 1); 1 // 5040
4, 5, (4, 1, 1, 0, 0), (0, 1, 2, 0); 1 // 10080
4, 5, (4, 1, 1, 0, 0), (2, 0, 2, 0); 1 // 5040
4, 5, (4, 1, 1, 0, 0), (1, 2, 1, 0); 1 // 2880
4, 5, (4, 1, 1, 0, 0), (3, 1, 1, 0); 1 // 1440
4, 5, (4, 1, 1, 0, 0), (5, 0, 1, 0); 1 // 720
4, 5, (4, 1, 1, 0, 0), (0, 4, 0, 0); 1 // 1680
4, 5, (4, 1, 1, 0, 0), (2, 3, 0, 0); 1 // 840
4, 5, (4, 1, 1, 0, 0), (4, 2, 0, 0); 1 // 420
4, 5, (4, 1, 1, 0, 0), (6, 1, 0, 0); 1 // 210
4, 5, (4, 1, 1, 0, 0), (8, 0, 0, 0); 1 // 105
4, 5, (3, 2, 1, 0, 0), (0, 0, 0, 2); 0 // 1
4, 5, (3, 2, 1, 0, 0), (1, 0, 1, 1); 11 // 181440
4, 5, (3, 2, 1, 0, 0), (0, 2, 0, 1); 11 // 90720
4, 5, (3, 2, 1, 0, 0), (2, 1, 0, 1); 11 // 45360
4, 5, (3, 2, 1, 0, 0), (4, 0, 0, 1); 11 // 22680
4, 5, (3, 2, 1, 0, 0), (0, 1, 2, 0); 11 // 45360
4, 5, (3, 2, 1, 0, 0), (2, 0, 2, 0); 11 // 22680
4, 5, (3, 2, 1, 0, 0), (1, 2, 1, 0); 11 // 12960
4, 5, (3, 2, 1, 0, 0), (3, 1, 1, 0); 11 // 6480
4, 5, (3, 2, 1, 0, 0), (5, 0, 1, 0); 11 // 3240
4, 5, (3, 2, 1, 0, 0), (0, 4, 0, 0); 11 // 7560
4, 5, (3, 2, 1, 0, 0), (2, 3, 0, 0); 11 // 3780
4, 5, (3, 2, 1, 0, 0), (4, 2, 0, 0); 11 // 1890
4, 5, (3, 2, 1, 0, 0), (6, 1, 0, 0); 11 // 945
4, 5, (3, 2, 1, 0, 0), (8, 0, 0, 0); 22 // 945
4, 5, (2, 2, 2, 0, 0), (0, 0, 0, 2); 0 // 1
4, 5, (2, 2, 2, 0, 0), (1, 0, 1, 1); 1 // 9600
4, 5, (2, 2, 2, 0, 0), (0, 2, 0, 1); 1 // 4800
4, 5, (2, 2, 2, 0, 0), (2, 1, 0, 1); 1 // 2400
4, 5, (2, 2, 2, 0, 0), (4, 0, 0, 1); 1 // 1200
4, 5, (2, 2, 2, 0, 0), (0, 1, 2, 0); 1 // 2400
4, 5, (2, 2, 2, 0, 0), (2, 0, 2, 0); 1 // 1200
4, 5, (2, 2, 2, 0, 0), (1, 2, 1, 0); 7 // 4800
4, 5, (2, 2, 2, 0, 0), (3, 1, 1, 0); 7 // 2400
4, 5, (2, 2, 2, 0, 0), (5, 0, 1, 0); 7 // 1200
4, 5, (2, 2, 2, 0, 0), (0, 4, 0, 0); 1 // 400
4, 5, (2, 2, 2, 0, 0), (2, 3, 0, 0); 1 // 200
4, 5, (2, 2, 2, 0, 0), (4, 2, 0, 0); 1 // 100
4, 5, (2, 2, 2, 0, 0), (6, 1, 0, 0); 1 // 50
4, 5, (2, 2, 2, 0, 0), (8, 0, 0, 0); 1 // 25
4, 5, (3, 1, 1, 1, 0), (0, 0, 0, 2); 0 // 1
4, 5, (3, 1, 1, 1, 0), (1, 0, 1, 1); 1 // 5040
4, 5, (3, 1, 1, 1, 0), (0, 2, 0, 1); 1 // 2520
4, 5, (3, 1, 1, 1, 0), (2, 1, 0, 1); 1 // 1260
4, 5, (3, 1, 1, 1, 0), (4, 0, 0, 1); 1 // 630
4, 5, (3, 1, 1, 1, 0), (0, 1, 2, 0); 1 // 1260
4, 5, (3, 1, 1, 1, 0), (2, 0, 2, 0); 1 // 630
4, 5, (3, 1, 1, 1, 0), (1, 2, 1, 0); 1 // 360
4, 5, (3, 1, 1, 1, 0), (3, 1, 1, 0); 1 // 180
4, 5, (3, 1, 1, 1, 0), (5, 0, 1, 0); 1 // 90
4, 5, (3, 1, 1, 1, 0), (0, 4, 0, 0); 1 // 210
4, 5, (3, 1, 1, 1, 0), (2, 3, 0, 0); 1 // 105
4, 5, (3, 1, 1, 1, 0), (4, 2, 0, 0); 2 // 105
4, 5, (3, 1, 1, 1, 0), (6, 1, 0, 0); 4 // 105
4, 5, (3, 1, 1, 1, 0), (8, 0, 0, 0); 8 // 105
4, 5, (2, 2, 1, 1, 0), (0, 0, 0, 2); 0 // 1
4, 5, (2, 2, 1, 1, 0), (1, 0, 1, 1); 1 // 2880
4, 5, (2, 2, 1, 1, 0), (0, 2, 0, 1); 1 // 1440
4, 5, (2, 2, 1, 1, 0), (2, 1, 0, 1); 1 // 720
4, 5, (2, 2, 1, 1, 0), (4, 0, 0, 1); 1 // 360
4, 5, (2, 2, 1, 1, 0), (0, 1, 2, 0); 1 // 720
4, 5, (2, 2, 1, 1, 0), (2, 0, 2, 0); 1 // 360
4, 5, (2, 2, 1, 1, 0), (1, 2, 1, 0); 7 // 1440
4, 5, (2, 2, 1, 1, 0), (3, 1, 1, 0); 7 // 720
4, 5, (2, 2, 1, 1, 0), (5, 0, 1, 0); 7 // 360
4, 5, (2, 2, 1, 1, 0), (0, 4, 0, 0); 1 // 120
4, 5, (2, 2, 1, 1, 0), (2, 3, 0, 0); 1 // 60
4, 5, (2, 2, 1, 1, 0), (4, 2, 0, 0); 1 // 30
4, 5, (2, 2, 1, 1, 0), (6, 1, 0, 0); 1 // 15
4, 5, (2, 2, 1, 1, 0), (8, 0, 0, 0); 2 // 15
4, 5, (2, 1, 1, 1, 1), (0, 0, 0, 2); 0 // 1
4, 5, (2, 1, 1, 1, 1), (1, 0, 1, 1); 1 // 720
4, 5, (2, 1, 1, 1, 1), (0, 2, 0, 1); 1 // 360
4, 5, (2, 1, 1, 1, 1), (2, 1, 0, 1); 1 // 180
4, 5, (2, 1, 1, 1, 1), (4, 0, 0, 1); 1 // 90
4, 5, (2, 1, 1, 1, 1), (0, 1, 2, 0); 1 // 180
4, 5, (2, 1, 1, 1, 1), (2, 0, 2, 0); 1 // 90
4, 5, (2, 1, 1, 1, 1), (1, 2, 1, 0); 7 // 360
4, 5, (2, 1, 1, 1, 1), (3, 1, 1, 0); 7 // 180
4, 5, (2, 1, 1, 1, 1), (5, 0, 1, 0); 7 // 90
4, 5, (2, 1, 1, 1, 1), (0, 4, 0, 0); 1 // 30
4, 5, (2, 1, 1, 1, 1), (2, 3, 0, 0); 1 // 15
4, 5, (2, 1, 1, 1, 1), (4, 2, 0, 0); 2 // 15
4, 5, (2, 1, 1, 1, 1), (6, 1, 0, 0); 4 // 15
4, 5, (2, 1, 1, 1, 1), (8, 0, 0, 0); 8 // 15
4, 5, (7, 0, 0, 0, 0), (0, 0, 1, 1); 1 // 3225600
4, 5, (7, 0, 0, 0, 0), (1, 1, 0, 1); 1 // 777600
4, 5, (7, 0, 0, 0, 0), (3, 0, 0, 1); 1 // 388800
4, 5, (7, 0, 0, 0, 0), (1, 0, 2, 0); 1 // 388800
4, 5, (7, 0, 0, 0, 0), (0, 2, 1, 0); 197 // 43545600
4, 5, (7, 0, 0, 0, 0), (2, 1, 1, 0); 197 // 21772800
4, 5, (7, 0, 0, 0, 0), (4, 0, 1, 0); 197 // 10886400
4, 5, (7, 0, 0, 0, 0), (1, 3, 0, 0); 169 // 10886400
4, 5, (7, 0, 0, 0, 0), (3, 2, 0, 0); 169 // 5443200
4, 5, (7, 0, 0, 0, 0), (5, 1, 0, 0); 169 // 2721600
4, 5, (7, 0, 0, 0, 0), (7, 0, 0, 0); 169 // 1360800
4, 5, (6, 1, 0, 0, 0), (0, 0, 1, 1); 1 // 322560
4, 5, (6, 1, 0, 0, 0), (1, 1, 0, 1); 1 // 77760
4, 5, (6, 1, 0, 0, 0), (3, 0, 0, 1); 1 // 38880
4, 5, (6, 1, 0, 0, 0), (1, 0, 2, 0); 1 // 38880
4, 5, (6, 1, 0, 0, 0), (0, 2, 1, 0); 197 // 4354560
4, 5, (6, 1, 0, 0, 0), (2, 1, 1, 0); 197 // 2177280
4, 5, (6, 1, 0, 0, 0), (4, 0, 1, 0); 197 // 1088640
4, 5, (6, 1, 0, 0, 0), (1, 3, 0, 0); 169 // 1088640
4, 5, (6, 1, 0, 0, 0), (3, 2, 0, 0); 169 // 544320
4, 5, (6, 1, 0, 0, 0), (5, 1, 0, 0); 169 // 272160
4, 5, (6, 1, 0, 0, 0), (7, 0, 0, 0); 169 // 136080
4, 5, (5, 2, 0, 0, 0), (0, 0, 1, 1); 107 // 9676800
4, 5, (5, 2, 0, 0, 0), (1, 1, 0, 1); 73 // 1612800
4, 5, (5, 2, 0, 0, 0), (3, 0, 0, 1); 73 // 806400
4, 5, (5, 2, 0, 0, 0), (1, 0, 2, 0); 73 // 806400
4, 5, (5, 2, 0, 0, 0), (0, 2, 1, 0); 769 // 4838400
4, 5, (5, 2, 0, 0, 0), (2, 1, 1, 0); 769 // 2419200
4, 5, (5, 2, 0, 0, 0), (4, 0, 1, 0); 769 // 1209600
4, 5, (5, 2, 0, 0, 0), (1, 3, 0, 0); 1319 // 2419200
4, 5, (5, 2, 0, 0, 0), (3, 2, 0, 0); 1319 // 1209600
4, 5, (5, 2, 0, 0, 0), (5, 1, 0, 0); 1319 // 604800
4, 5, (5, 2, 0, 0, 0), (7, 0, 0, 0); 1319 // 302400
4, 5, (4, 3, 0, 0, 0), (0, 0, 1, 1); 1 // 50400
4, 5, (4, 3, 0, 0, 0), (1, 1, 0, 1); 701 // 8709120
4, 5, (4, 3, 0, 0, 0), (3, 0, 0, 1); 701 // 4354560
4, 5, (4, 3, 0, 0, 0), (1, 0, 2, 0); 701 // 4354560
4, 5, (4, 3, 0, 0, 0), (0, 2, 1, 0); 439 // 1555200
4, 5, (4, 3, 0, 0, 0), (2, 1, 1, 0); 439 // 777600
4, 5, (4, 3, 0, 0, 0), (4, 0, 1, 0); 439 // 388800
4, 5, (4, 3, 0, 0, 0), (1, 3, 0, 0); 21079 // 21772800
4, 5, (4, 3, 0, 0, 0), (3, 2, 0, 0); 21079 // 10886400
4, 5, (4, 3, 0, 0, 0), (5, 1, 0, 0); 21079 // 5443200
4, 5, (4, 3, 0, 0, 0), (7, 0, 0, 0); 21079 // 2721600
4, 5, (5, 1, 1, 0, 0), (0, 0, 1, 1); 1 // 35840
4, 5, (5, 1, 1, 0, 0), (1, 1, 0, 1); 1 // 8640
4, 5, (5, 1, 1, 0, 0), (3, 0, 0, 1); 1 // 4320
4, 5, (5, 1, 1, 0, 0), (1, 0, 2, 0); 1 // 4320
4, 5, (5, 1, 1, 0, 0), (0, 2, 1, 0); 197 // 483840
4, 5, (5, 1, 1, 0, 0), (2, 1, 1, 0); 197 // 241920
4, 5, (5, 1, 1, 0, 0), (4, 0, 1, 0); 197 // 120960
4, 5, (5, 1, 1, 0, 0), (1, 3, 0, 0); 169 // 120960
4, 5, (5, 1, 1, 0, 0), (3, 2, 0, 0); 169 // 60480
4, 5, (5, 1, 1, 0, 0), (5, 1, 0, 0); 169 // 30240
4, 5, (5, 1, 1, 0, 0), (7, 0, 0, 0); 169 // 15120
4, 5, (4, 2, 1, 0, 0), (0, 0, 1, 1); 1 // 12096
4, 5, (4, 2, 1, 0, 0), (1, 1, 0, 1); 163 // 483840
4, 5, (4, 2, 1, 0, 0), (3, 0, 0, 1); 163 // 241920
4, 5, (4, 2, 1, 0, 0), (1, 0, 2, 0); 163 // 241920
4, 5, (4, 2, 1, 0, 0), (0, 2, 1, 0); 143 // 120960
4, 5, (4, 2, 1, 0, 0), (2, 1, 1, 0); 143 // 60480
4, 5, (4, 2, 1, 0, 0), (4, 0, 1, 0); 143 // 30240
4, 5, (4, 2, 1, 0, 0), (1, 3, 0, 0); 109 // 26880
4, 5, (4, 2, 1, 0, 0), (3, 2, 0, 0); 109 // 13440
4, 5, (4, 2, 1, 0, 0), (5, 1, 0, 0); 109 // 6720
4, 5, (4, 2, 1, 0, 0), (7, 0, 0, 0); 109 // 3360
4, 5, (3, 3, 1, 0, 0), (0, 0, 1, 1); 1 // 8640
4, 5, (3, 3, 1, 0, 0), (1, 1, 0, 1); 1019 // 2177280
4, 5, (3, 3, 1, 0, 0), (3, 0, 0, 1); 1019 // 1088640
4, 5, (3, 3, 1, 0, 0), (1, 0, 2, 0); 1019 // 1088640
4, 5, (3, 3, 1, 0, 0), (0, 2, 1, 0); 893 // 544320
4, 5, (3, 3, 1, 0, 0), (2, 1, 1, 0); 893 // 272160
4, 5, (3, 3, 1, 0, 0), (4, 0, 1, 0); 893 // 136080
4, 5, (3, 3, 1, 0, 0), (1, 3, 0, 0); 175 // 31104
4, 5, (3, 3, 1, 0, 0), (3, 2, 0, 0); 175 // 15552
4, 5, (3, 3, 1, 0, 0), (5, 1, 0, 0); 175 // 7776
4, 5, (3, 3, 1, 0, 0), (7, 0, 0, 0); 175 // 3888
4, 5, (3, 2, 2, 0, 0), (0, 0, 1, 1); 11 // 57600
4, 5, (3, 2, 2, 0, 0), (1, 1, 0, 1); 53 // 69120
4, 5, (3, 2, 2, 0, 0), (3, 0, 0, 1); 53 // 34560
4, 5, (3, 2, 2, 0, 0), (1, 0, 2, 0); 53 // 34560
4, 5, (3, 2, 2, 0, 0), (0, 2, 1, 0); 29 // 10800
4, 5, (3, 2, 2, 0, 0), (2, 1, 1, 0); 29 // 5400
4, 5, (3, 2, 2, 0, 0), (4, 0, 1, 0); 29 // 2700
4, 5, (3, 2, 2, 0, 0), (1, 3, 0, 0); 1591 // 172800
4, 5, (3, 2, 2, 0, 0), (3, 2, 0, 0); 1591 // 86400
4, 5, (3, 2, 2, 0, 0), (5, 1, 0, 0); 1591 // 43200
4, 5, (3, 2, 2, 0, 0), (7, 0, 0, 0); 1591 // 21600
4, 5, (4, 1, 1, 1, 0), (0, 0, 1, 1); 1 // 4480
4, 5, (4, 1, 1, 1, 0), (1, 1, 0, 1); 1 // 1080
4, 5, (4, 1, 1, 1, 0), (3, 0, 0, 1); 1 // 540
4, 5, (4, 1, 1, 1, 0), (1, 0, 2, 0); 1 // 540
4, 5, (4, 1, 1, 1, 0), (0, 2, 1, 0); 197 // 60480
4, 5, (4, 1, 1, 1, 0), (2, 1, 1, 0); 197 // 30240
4, 5, (4, 1, 1, 1, 0), (4, 0, 1, 0); 197 // 15120
4, 5, (4, 1, 1, 1, 0), (1, 3, 0, 0); 169 // 15120
4, 5, (4, 1, 1, 1, 0), (3, 2, 0, 0); 169 // 7560
4, 5, (4, 1, 1, 1, 0), (5, 1, 0, 0); 169 // 3780
4, 5, (4, 1, 1, 1, 0), (7, 0, 0, 0); 169 // 1890
4, 5, (3, 2, 1, 1, 0), (0, 0, 1, 1); 1 // 1920
4, 5, (3, 2, 1, 1, 0), (1, 1, 0, 1); 1019 // 483840
4, 5, (3, 2, 1, 1, 0), (3, 0, 0, 1); 1019 // 241920
4, 5, (3, 2, 1, 1, 0), (1, 0, 2, 0); 1019 // 241920
4, 5, (3, 2, 1, 1, 0), (0, 2, 1, 0); 893 // 120960
4, 5, (3, 2, 1, 1, 0), (2, 1, 1, 0); 893 // 60480
4, 5, (3, 2, 1, 1, 0), (4, 0, 1, 0); 893 // 30240
4, 5, (3, 2, 1, 1, 0), (1, 3, 0, 0); 175 // 6912
4, 5, (3, 2, 1, 1, 0), (3, 2, 0, 0); 175 // 3456
4, 5, (3, 2, 1, 1, 0), (5, 1, 0, 0); 175 // 1728
4, 5, (3, 2, 1, 1, 0), (7, 0, 0, 0); 175 // 864
4, 5, (2, 2, 2, 1, 0), (0, 0, 1, 1); 1 // 1152
4, 5, (2, 2, 2, 1, 0), (1, 1, 0, 1); 209 // 60480
4, 5, (2, 2, 2, 1, 0), (3, 0, 0, 1); 209 // 30240
4, 5, (2, 2, 2, 1, 0), (1, 0, 2, 0); 209 // 30240
4, 5, (2, 2, 2, 1, 0), (0, 2, 1, 0); 731 // 60480
4, 5, (2, 2, 2, 1, 0), (2, 1, 1, 0); 731 // 30240
4, 5, (2, 2, 2, 1, 0), (4, 0, 1, 0); 731 // 15120
4, 5, (2, 2, 2, 1, 0), (1, 3, 0, 0); 179 // 4320
4, 5, (2, 2, 2, 1, 0), (3, 2, 0, 0); 179 // 2160
4, 5, (2, 2, 2, 1, 0), (5, 1, 0, 0); 179 // 1080
4, 5, (2, 2, 2, 1, 0), (7, 0, 0, 0); 179 // 540
4, 5, (3, 1, 1, 1, 1), (0, 0, 1, 1); 1 // 640
4, 5, (3, 1, 1, 1, 1), (1, 1, 0, 1); 7 // 1080
4, 5, (3, 1, 1, 1, 1), (3, 0, 0, 1); 7 // 540
4, 5, (3, 1, 1, 1, 1), (1, 0, 2, 0); 7 // 540
4, 5, (3, 1, 1, 1, 1), (0, 2, 1, 0); 197 // 8640
4, 5, (3, 1, 1, 1, 1), (2, 1, 1, 0); 197 // 4320
4, 5, (3, 1, 1, 1, 1), (4, 0, 1, 0); 197 // 2160
4, 5, (3, 1, 1, 1, 1), (1, 3, 0, 0); 169 // 2160
4, 5, (3, 1, 1, 1, 1), (3, 2, 0, 0); 169 // 1080
4, 5, (3, 1, 1, 1, 1), (5, 1, 0, 0); 169 // 540
4, 5, (3, 1, 1, 1, 1), (7, 0, 0, 0); 169 // 270
4, 5, (2, 2, 1, 1, 1), (0, 0, 1, 1); 1 // 384
4, 5, (2, 2, 1, 1, 1), (1, 1, 0, 1); 209 // 20160
4, 5, (2, 2, 1, 1, 1), (3, 0, 0, 1); 209 // 10080
4, 5, (2, 2, 1, 1, 1), (1, 0, 2, 0); 209 // 10080
4, 5, (2, 2, 1, 1, 1), (0, 2, 1, 0); 731 // 20160
4, 5, (2, 2, 1, 1, 1), (2, 1, 1, 0); 731 // 10080
4, 5, (2, 2, 1, 1, 1), (4, 0, 1, 0); 731 // 5040
4, 5, (2, 2, 1, 1, 1), (1, 3, 0, 0); 179 // 1440
4, 5, (2, 2, 1, 1, 1), (3, 2, 0, 0); 179 // 720
4, 5, (2, 2, 1, 1, 1), (5, 1, 0, 0); 179 // 360
4, 5, (2, 2, 1, 1, 1), (7, 0, 0, 0); 179 // 180
4, 5, (8, 0, 0, 0, 0), (0, 1, 0, 1); 127 // 116121600
4, 5, (8, 0, 0, 0, 0), (2, 0, 0, 1); 127 // 58060800
4, 5, (8, 0, 0, 0, 0), (0, 0, 2, 0); 127 // 58060800
4, 5, (8, 0, 0, 0, 0), (1, 1, 1, 0); 1343 // 174182400
4, 5, (8, 0, 0, 0, 0), (3, 0, 1, 0); 1343 // 87091200
4, 5, (8, 0, 0, 0, 0), (0, 3, 0, 0); 461 // 34836480
4, 5, (8, 0, 0, 0, 0), (2, 2, 0, 0); 461 // 17418240
4, 5, (8, 0, 0, 0, 0), (4, 1, 0, 0); 461 // 8709120
4, 5, (8, 0, 0, 0, 0), (6, 0, 0, 0); 461 // 4354560
4, 5, (7, 1, 0, 0, 0), (0, 1, 0, 1); 127 // 11612160
4, 5, (7, 1, 0, 0, 0), (2, 0, 0, 1); 127 // 5806080
4, 5, (7, 1, 0, 0, 0), (0, 0, 2, 0); 127 // 5806080
4, 5, (7, 1, 0, 0, 0), (1, 1, 1, 0); 1343 // 17418240
4, 5, (7, 1, 0, 0, 0), (3, 0, 1, 0); 1343 // 8709120
4, 5, (7, 1, 0, 0, 0), (0, 3, 0, 0); 461 // 3483648
4, 5, (7, 1, 0, 0, 0), (2, 2, 0, 0); 461 // 1741824
4, 5, (7, 1, 0, 0, 0), (4, 1, 0, 0); 461 // 870912
4, 5, (7, 1, 0, 0, 0), (6, 0, 0, 0); 461 // 435456
4, 5, (6, 2, 0, 0, 0), (0, 1, 0, 1); 4927 // 116121600
4, 5, (6, 2, 0, 0, 0), (2, 0, 0, 1); 4927 // 58060800
4, 5, (6, 2, 0, 0, 0), (0, 0, 2, 0); 4927 // 58060800
4, 5, (6, 2, 0, 0, 0), (1, 1, 1, 0); 51827 // 174182400
4, 5, (6, 2, 0, 0, 0), (3, 0, 1, 0); 51827 // 87091200
4, 5, (6, 2, 0, 0, 0), (0, 3, 0, 0); 88873 // 174182400
4, 5, (6, 2, 0, 0, 0), (2, 2, 0, 0); 88873 // 87091200
4, 5, (6, 2, 0, 0, 0), (4, 1, 0, 0); 88873 // 43545600
4, 5, (6, 2, 0, 0, 0), (6, 0, 0, 0); 88873 // 21772800
4, 5, (5, 3, 0, 0, 0), (0, 1, 0, 1); 1031 // 11612160
4, 5, (5, 3, 0, 0, 0), (2, 0, 0, 1); 1031 // 5806080
4, 5, (5, 3, 0, 0, 0), (0, 0, 2, 0); 1031 // 5806080
4, 5, (5, 3, 0, 0, 0), (1, 1, 1, 0); 7709 // 12441600
4, 5, (5, 3, 0, 0, 0), (3, 0, 1, 0); 7709 // 6220800
4, 5, (5, 3, 0, 0, 0), (0, 3, 0, 0); 92461 // 87091200
4, 5, (5, 3, 0, 0, 0), (2, 2, 0, 0); 92461 // 43545600
4, 5, (5, 3, 0, 0, 0), (4, 1, 0, 0); 92461 // 21772800
4, 5, (5, 3, 0, 0, 0), (6, 0, 0, 0); 92461 // 10886400
4, 5, (4, 4, 0, 0, 0), (0, 1, 0, 1); 3263 // 29030400
4, 5, (4, 4, 0, 0, 0), (2, 0, 0, 1); 3263 // 14515200
4, 5, (4, 4, 0, 0, 0), (0, 0, 2, 0); 3263 // 14515200
4, 5, (4, 4, 0, 0, 0), (1, 1, 1, 0); 34093 // 43545600
4, 5, (4, 4, 0, 0, 0), (3, 0, 1, 0); 34093 // 21772800
4, 5, (4, 4, 0, 0, 0), (0, 3, 0, 0); 58397 // 43545600
4, 5, (4, 4, 0, 0, 0), (2, 2, 0, 0); 58397 // 21772800
4, 5, (4, 4, 0, 0, 0), (4, 1, 0, 0); 58397 // 10886400
4, 5, (4, 4, 0, 0, 0), (6, 0, 0, 0); 58397 // 5443200
4, 5, (6, 1, 1, 0, 0), (0, 1, 0, 1); 127 // 1290240
4, 5, (6, 1, 1, 0, 0), (2, 0, 0, 1); 127 // 645120
4, 5, (6, 1, 1, 0, 0), (0, 0, 2, 0); 127 // 645120
4, 5, (6, 1, 1, 0, 0), (1, 1, 1, 0); 1343 // 1935360
4, 5, (6, 1, 1, 0, 0), (3, 0, 1, 0); 1343 // 967680
4, 5, (6, 1, 1, 0, 0), (0, 3, 0, 0); 461 // 387072
4, 5, (6, 1, 1, 0, 0), (2, 2, 0, 0); 461 // 193536
4, 5, (6, 1, 1, 0, 0), (4, 1, 0, 0); 461 // 96768
4, 5, (6, 1, 1, 0, 0), (6, 0, 0, 0); 461 // 48384
4, 5, (5, 2, 1, 0, 0), (0, 1, 0, 1); 473 // 1451520
4, 5, (5, 2, 1, 0, 0), (2, 0, 0, 1); 473 // 725760
4, 5, (5, 2, 1, 0, 0), (0, 0, 2, 0); 473 // 725760
4, 5, (5, 2, 1, 0, 0), (1, 1, 1, 0); 1987 // 870912
4, 5, (5, 2, 1, 0, 0), (3, 0, 1, 0); 1987 // 435456
4, 5, (5, 2, 1, 0, 0), (0, 3, 0, 0); 2129 // 544320
4, 5, (5, 2, 1, 0, 0), (2, 2, 0, 0); 2129 // 272160
4, 5, (5, 2, 1, 0, 0), (4, 1, 0, 0); 2129 // 136080
4, 5, (5, 2, 1, 0, 0), (6, 0, 0, 0); 2129 // 68040
4, 5, (4, 3, 1, 0, 0), (0, 1, 0, 1); 3263 // 5806080
4, 5, (4, 3, 1, 0, 0), (2, 0, 0, 1); 3263 // 2903040
4, 5, (4, 3, 1, 0, 0), (0, 0, 2, 0); 3263 // 2903040
4, 5, (4, 3, 1, 0, 0), (1, 1, 1, 0); 34093 // 8709120
4, 5, (4, 3, 1, 0, 0), (3, 0, 1, 0); 34093 // 4354560
4, 5, (4, 3, 1, 0, 0), (0, 3, 0, 0); 58397 // 8709120
4, 5, (4, 3, 1, 0, 0), (2, 2, 0, 0); 58397 // 4354560
4, 5, (4, 3, 1, 0, 0), (4, 1, 0, 0); 58397 // 2177280
4, 5, (4, 3, 1, 0, 0), (6, 0, 0, 0); 58397 // 1088640
4, 5, (4, 2, 2, 0, 0), (0, 1, 0, 1); 269 // 302400
4, 5, (4, 2, 2, 0, 0), (2, 0, 0, 1); 269 // 151200
4, 5, (4, 2, 2, 0, 0), (0, 0, 2, 0); 269 // 151200
4, 5, (4, 2, 2, 0, 0), (1, 1, 1, 0); 6737 // 1088640
4, 5, (4, 2, 2, 0, 0), (3, 0, 1, 0); 6737 // 544320
4, 5, (4, 2, 2, 0, 0), (0, 3, 0, 0); 28843 // 2721600
4, 5, (4, 2, 2, 0, 0), (2, 2, 0, 0); 28843 // 1360800
4, 5, (4, 2, 2, 0, 0), (4, 1, 0, 0); 28843 // 680400
4, 5, (4, 2, 2, 0, 0), (6, 0, 0, 0); 28843 // 340200
4, 5, (3, 3, 2, 0, 0), (0, 1, 0, 1); 23461 // 19353600
4, 5, (3, 3, 2, 0, 0), (2, 0, 0, 1); 23461 // 9676800
4, 5, (3, 3, 2, 0, 0), (0, 0, 2, 0); 23461 // 9676800
4, 5, (3, 3, 2, 0, 0), (1, 1, 1, 0); 104621 // 12441600
4, 5, (3, 3, 2, 0, 0), (3, 0, 1, 0); 104621 // 6220800
4, 5, (3, 3, 2, 0, 0), (0, 3, 0, 0); 250709 // 17418240
4, 5, (3, 3, 2, 0, 0), (2, 2, 0, 0); 250709 // 8709120
4, 5, (3, 3, 2, 0, 0), (4, 1, 0, 0); 250709 // 4354560
4, 5, (3, 3, 2, 0, 0), (6, 0, 0, 0); 250709 // 2177280
4, 5, (5, 1, 1, 1, 0), (0, 1, 0, 1); 127 // 161280
4, 5, (5, 1, 1, 1, 0), (2, 0, 0, 1); 127 // 80640
4, 5, (5, 1, 1, 1, 0), (0, 0, 2, 0); 127 // 80640
4, 5, (5, 1, 1, 1, 0), (1, 1, 1, 0); 1343 // 241920
4, 5, (5, 1, 1, 1, 0), (3, 0, 1, 0); 1343 // 120960
4, 5, (5, 1, 1, 1, 0), (0, 3, 0, 0); 461 // 48384
4, 5, (5, 1, 1, 1, 0), (2, 2, 0, 0); 461 // 24192
4, 5, (5, 1, 1, 1, 0), (4, 1, 0, 0); 461 // 12096
4, 5, (5, 1, 1, 1, 0), (6, 0, 0, 0); 461 // 6048
4, 5, (4, 2, 1, 1, 0), (0, 1, 0, 1); 173 // 80640
4, 5, (4, 2, 1, 1, 0), (2, 0, 0, 1); 173 // 40320
4, 5, (4, 2, 1, 1, 0), (0, 0, 2, 0); 173 // 40320
4, 5, (4, 2, 1, 1, 0), (1, 1, 1, 0); 7249 // 483840
4, 5, (4, 2, 1, 1, 0), (3, 0, 1, 0); 7249 // 241920
4, 5, (4, 2, 1, 1, 0), (0, 3, 0, 0); 6211 // 241920
4, 5, (4, 2, 1, 1, 0), (2, 2, 0, 0); 6211 // 120960
4, 5, (4, 2, 1, 1, 0), (4, 1, 0, 0); 6211 // 60480
4, 5, (4, 2, 1, 1, 0), (6, 0, 0, 0); 6211 // 30240
4, 5, (3, 3, 1, 1, 0), (0, 1, 0, 1); 1879 // 645120
4, 5, (3, 3, 1, 1, 0), (2, 0, 0, 1); 1879 // 322560
4, 5, (3, 3, 1, 1, 0), (0, 0, 2, 0); 1879 // 322560
4, 5, (3, 3, 1, 1, 0), (1, 1, 1, 0); 3919 // 193536
4, 5, (3, 3, 1, 1, 0), (3, 0, 1, 0); 3919 // 96768
4, 5, (3, 3, 1, 1, 0), (0, 3, 0, 0); 33553 // 967680
4, 5, (3, 3, 1, 1, 0), (2, 2, 0, 0); 33553 // 483840
4, 5, (3, 3, 1, 1, 0), (4, 1, 0, 0); 33553 // 241920
4, 5, (3, 3, 1, 1, 0), (6, 0, 0, 0); 33553 // 120960
4, 5, (3, 2, 2, 1, 0), (0, 1, 0, 1); 557 // 120960
4, 5, (3, 2, 2, 1, 0), (2, 0, 0, 1); 557 // 60480
4, 5, (3, 2, 2, 1, 0), (0, 0, 2, 0); 557 // 60480
4, 5, (3, 2, 2, 1, 0), (1, 1, 1, 0); 69499 // 2177280
4, 5, (3, 2, 2, 1, 0), (3, 0, 1, 0); 69499 // 1088640
4, 5, (3, 2, 2, 1, 0), (0, 3, 0, 0); 59473 // 1088640
4, 5, (3, 2, 2, 1, 0), (2, 2, 0, 0); 59473 // 544320
4, 5, (3, 2, 2, 1, 0), (4, 1, 0, 0); 59473 // 272160
4, 5, (3, 2, 2, 1, 0), (6, 0, 0, 0); 59473 // 136080
4, 5, (2, 2, 2, 2, 0), (0, 1, 0, 1); 209 // 28800
4, 5, (2, 2, 2, 2, 0), (2, 0, 0, 1); 209 // 14400
4, 5, (2, 2, 2, 2, 0), (0, 0, 2, 0); 209 // 14400
4, 5, (2, 2, 2, 2, 0), (1, 1, 1, 0); 10103 // 201600
4, 5, (2, 2, 2, 2, 0), (3, 0, 1, 0); 10103 // 100800
4, 5, (2, 2, 2, 2, 0), (0, 3, 0, 0); 3 // 35
4, 5, (2, 2, 2, 2, 0), (2, 2, 0, 0); 6 // 35
4, 5, (2, 2, 2, 2, 0), (4, 1, 0, 0); 12 // 35
4, 5, (2, 2, 2, 2, 0), (6, 0, 0, 0); 24 // 35
4, 5, (4, 1, 1, 1, 1), (0, 1, 0, 1); 127 // 23040
4, 5, (4, 1, 1, 1, 1), (2, 0, 0, 1); 127 // 11520
4, 5, (4, 1, 1, 1, 1), (0, 0, 2, 0); 127 // 11520
4, 5, (4, 1, 1, 1, 1), (1, 1, 1, 0); 1343 // 34560
4, 5, (4, 1, 1, 1, 1), (3, 0, 1, 0); 1343 // 17280
4, 5, (4, 1, 1, 1, 1), (0, 3, 0, 0); 461 // 6912
4, 5, (4, 1, 1, 1, 1), (2, 2, 0, 0); 461 // 3456
4, 5, (4, 1, 1, 1, 1), (4, 1, 0, 0); 461 // 1728
4, 5, (4, 1, 1, 1, 1), (6, 0, 0, 0); 461 // 864
4, 5, (3, 2, 1, 1, 1), (0, 1, 0, 1); 1879 // 161280
4, 5, (3, 2, 1, 1, 1), (2, 0, 0, 1); 1879 // 80640
4, 5, (3, 2, 1, 1, 1), (0, 0, 2, 0); 1879 // 80640
4, 5, (3, 2, 1, 1, 1), (1, 1, 1, 0); 3919 // 48384
4, 5, (3, 2, 1, 1, 1), (3, 0, 1, 0); 3919 // 24192
4, 5, (3, 2, 1, 1, 1), (0, 3, 0, 0); 33553 // 241920
4, 5, (3, 2, 1, 1, 1), (2, 2, 0, 0); 33553 // 120960
4, 5, (3, 2, 1, 1, 1), (4, 1, 0, 0); 33553 // 60480
4, 5, (3, 2, 1, 1, 1), (6, 0, 0, 0); 33553 // 30240
4, 5, (2, 2, 2, 1, 1), (0, 1, 0, 1); 209 // 11520
4, 5, (2, 2, 2, 1, 1), (2, 0, 0, 1); 209 // 5760
4, 5, (2, 2, 2, 1, 1), (0, 0, 2, 0); 209 // 5760
4, 5, (2, 2, 2, 1, 1), (1, 1, 1, 0); 10103 // 80640
4, 5, (2, 2, 2, 1, 1), (3, 0, 1, 0); 10103 // 40320
4, 5, (2, 2, 2, 1, 1), (0, 3, 0, 0); 3 // 14
4, 5, (2, 2, 2, 1, 1), (2, 2, 0, 0); 3 // 7
4, 5, (2, 2, 2, 1, 1), (4, 1, 0, 0); 6 // 7
4, 5, (2, 2, 2, 1, 1), (6, 0, 0, 0); 12 // 7
4, 5, (9, 0, 0, 0, 0), (1, 0, 0, 1); 103 // 69672960
4, 5, (9, 0, 0, 0, 0), (0, 1, 1, 0); 17 // 3317760
4, 5, (9, 0, 0, 0, 0), (2, 0, 1, 0); 17 // 1658880
4, 5, (9, 0, 0, 0, 0), (1, 2, 0, 0); 611 // 34836480
4, 5, (9, 0, 0, 0, 0), (3, 1, 0, 0); 611 // 17418240
4, 5, (9, 0, 0, 0, 0), (5, 0, 0, 0); 611 // 8709120
4, 5, (8, 1, 0, 0, 0), (1, 0, 0, 1); 103 // 6967296
4, 5, (8, 1, 0, 0, 0), (0, 1, 1, 0); 17 // 331776
4, 5, (8, 1, 0, 0, 0), (2, 0, 1, 0); 17 // 165888
4, 5, (8, 1, 0, 0, 0), (1, 2, 0, 0); 611 // 3483648
4, 5, (8, 1, 0, 0, 0), (3, 1, 0, 0); 611 // 1741824
4, 5, (8, 1, 0, 0, 0), (5, 0, 0, 0); 611 // 870912
4, 5, (7, 2, 0, 0, 0), (1, 0, 0, 1); 343 // 5529600
4, 5, (7, 2, 0, 0, 0), (0, 1, 1, 0); 8243 // 38707200
4, 5, (7, 2, 0, 0, 0), (2, 0, 1, 0); 8243 // 19353600
4, 5, (7, 2, 0, 0, 0), (1, 2, 0, 0); 313 // 430080
4, 5, (7, 2, 0, 0, 0), (3, 1, 0, 0); 313 // 215040
4, 5, (7, 2, 0, 0, 0), (5, 0, 0, 0); 313 // 107520
4, 5, (6, 3, 0, 0, 0), (1, 0, 0, 1); 51563 // 348364800
4, 5, (6, 3, 0, 0, 0), (0, 1, 1, 0); 19457 // 38707200
4, 5, (6, 3, 0, 0, 0), (2, 0, 1, 0); 19457 // 19353600
4, 5, (6, 3, 0, 0, 0), (1, 2, 0, 0); 298663 // 174182400
4, 5, (6, 3, 0, 0, 0), (3, 1, 0, 0); 298663 // 87091200
4, 5, (6, 3, 0, 0, 0), (5, 0, 0, 0); 298663 // 43545600
4, 5, (5, 4, 0, 0, 0), (1, 0, 0, 1); 78059 // 348364800
4, 5, (5, 4, 0, 0, 0), (0, 1, 1, 0); 87763 // 116121600
4, 5, (5, 4, 0, 0, 0), (2, 0, 1, 0); 87763 // 58060800
4, 5, (5, 4, 0, 0, 0), (1, 2, 0, 0); 448519 // 174182400
4, 5, (5, 4, 0, 0, 0), (3, 1, 0, 0); 448519 // 87091200
4, 5, (5, 4, 0, 0, 0), (5, 0, 0, 0); 448519 // 43545600
4, 5, (7, 1, 1, 0, 0), (1, 0, 0, 1); 103 // 774144
4, 5, (7, 1, 1, 0, 0), (0, 1, 1, 0); 17 // 36864
4, 5, (7, 1, 1, 0, 0), (2, 0, 1, 0); 17 // 18432
4, 5, (7, 1, 1, 0, 0), (1, 2, 0, 0); 611 // 387072
4, 5, (7, 1, 1, 0, 0), (3, 1, 0, 0); 611 // 193536
4, 5, (7, 1, 1, 0, 0), (5, 0, 0, 0); 611 // 96768
4, 5, (6, 2, 1, 0, 0), (1, 0, 0, 1); 943 // 1935360
4, 5, (6, 2, 1, 0, 0), (0, 1, 1, 0); 3229 // 1935360
4, 5, (6, 2, 1, 0, 0), (2, 0, 1, 0); 3229 // 967680
4, 5, (6, 2, 1, 0, 0), (1, 2, 0, 0); 1103 // 193536
4, 5, (6, 2, 1, 0, 0), (3, 1, 0, 0); 1103 // 96768
4, 5, (6, 2, 1, 0, 0), (5, 0, 0, 0); 1103 // 48384
4, 5, (5, 3, 1, 0, 0), (1, 0, 0, 1); 34589 // 34836480
4, 5, (5, 3, 1, 0, 0), (0, 1, 1, 0); 619 // 184320
4, 5, (5, 3, 1, 0, 0), (2, 0, 1, 0); 619 // 92160
4, 5, (5, 3, 1, 0, 0), (1, 2, 0, 0); 199393 // 17418240
4, 5, (5, 3, 1, 0, 0), (3, 1, 0, 0); 199393 // 8709120
4, 5, (5, 3, 1, 0, 0), (5, 0, 0, 0); 199393 // 4354560
4, 5, (4, 4, 1, 0, 0), (1, 0, 0, 1); 23 // 18432
4, 5, (4, 4, 1, 0, 0), (0, 1, 1, 0); 24383 // 5806080
4, 5, (4, 4, 1, 0, 0), (2, 0, 1, 0); 24383 // 2903040
4, 5, (4, 4, 1, 0, 0), (1, 2, 0, 0); 41521 // 2903040
4, 5, (4, 4, 1, 0, 0), (3, 1, 0, 0); 41521 // 1451520
4, 5, (4, 4, 1, 0, 0), (5, 0, 0, 0); 41521 // 725760
4, 5, (5, 2, 2, 0, 0), (1, 0, 0, 1); 88517 // 58060800
4, 5, (5, 2, 2, 0, 0), (0, 1, 1, 0); 299191 // 58060800
4, 5, (5, 2, 2, 0, 0), (2, 0, 1, 0); 299191 // 29030400
4, 5, (5, 2, 2, 0, 0), (1, 2, 0, 0); 33991 // 1935360
4, 5, (5, 2, 2, 0, 0), (3, 1, 0, 0); 33991 // 967680
4, 5, (5, 2, 2, 0, 0), (5, 0, 0, 0); 33991 // 483840
4, 5, (4, 3, 2, 0, 0), (1, 0, 0, 1); 11983 // 4644864
4, 5, (4, 3, 2, 0, 0), (0, 1, 1, 0); 1002541 // 116121600
4, 5, (4, 3, 2, 0, 0), (2, 0, 1, 0); 1002541 // 58060800
4, 5, (4, 3, 2, 0, 0), (1, 2, 0, 0); 1705507 // 58060800
4, 5, (4, 3, 2, 0, 0), (3, 1, 0, 0); 1705507 // 29030400
4, 5, (4, 3, 2, 0, 0), (5, 0, 0, 0); 1705507 // 14515200
4, 5, (3, 3, 3, 0, 0), (1, 0, 0, 1); 249 // 71680
4, 5, (3, 3, 3, 0, 0), (0, 1, 1, 0); 111941 // 9676800
4, 5, (3, 3, 3, 0, 0), (2, 0, 1, 0); 111941 // 4838400
4, 5, (3, 3, 3, 0, 0), (1, 2, 0, 0); 27181 // 691200
4, 5, (3, 3, 3, 0, 0), (3, 1, 0, 0); 27181 // 345600
4, 5, (3, 3, 3, 0, 0), (5, 0, 0, 0); 27181 // 172800
4, 5, (6, 1, 1, 1, 0), (1, 0, 0, 1); 103 // 96768
4, 5, (6, 1, 1, 1, 0), (0, 1, 1, 0); 17 // 4608
4, 5, (6, 1, 1, 1, 0), (2, 0, 1, 0); 17 // 2304
4, 5, (6, 1, 1, 1, 0), (1, 2, 0, 0); 611 // 48384
4, 5, (6, 1, 1, 1, 0), (3, 1, 0, 0); 611 // 24192
4, 5, (6, 1, 1, 1, 0), (5, 0, 0, 0); 611 // 12096
4, 5, (5, 2, 1, 1, 0), (1, 0, 0, 1); 6427 // 1935360
4, 5, (5, 2, 1, 1, 0), (0, 1, 1, 0); 7307 // 645120
4, 5, (5, 2, 1, 1, 0), (2, 0, 1, 0); 7307 // 322560
4, 5, (5, 2, 1, 1, 0), (1, 2, 0, 0); 1069 // 27648
4, 5, (5, 2, 1, 1, 0), (3, 1, 0, 0); 1069 // 13824
4, 5, (5, 2, 1, 1, 0), (5, 0, 0, 0); 1069 // 6912
4, 5, (4, 3, 1, 1, 0), (1, 0, 0, 1); 23 // 4096
4, 5, (4, 3, 1, 1, 0), (0, 1, 1, 0); 24383 // 1290240
4, 5, (4, 3, 1, 1, 0), (2, 0, 1, 0); 24383 // 645120
4, 5, (4, 3, 1, 1, 0), (1, 2, 0, 0); 41521 // 645120
4, 5, (4, 3, 1, 1, 0), (3, 1, 0, 0); 41521 // 322560
4, 5, (4, 3, 1, 1, 0), (5, 0, 0, 0); 41521 // 161280
4, 5, (4, 2, 2, 1, 0), (1, 0, 0, 1); 9991 // 1161216
4, 5, (4, 2, 2, 1, 0), (0, 1, 1, 0); 33533 // 1161216
4, 5, (4, 2, 2, 1, 0), (2, 0, 1, 0); 33533 // 580608
4, 5, (4, 2, 2, 1, 0), (1, 2, 0, 0); 19025 // 193536
4, 5, (4, 2, 2, 1, 0), (3, 1, 0, 0); 19025 // 96768
4, 5, (4, 2, 2, 1, 0), (5, 0, 0, 0); 19025 // 48384
4, 5, (3, 3, 2, 1, 0), (1, 0, 0, 1); 83 // 7168
4, 5, (3, 3, 2, 1, 0), (0, 1, 1, 0); 111941 // 2903040
4, 5, (3, 3, 2, 1, 0), (2, 0, 1, 0); 111941 // 1451520
4, 5, (3, 3, 2, 1, 0), (1, 2, 0, 0); 27181 // 207360
4, 5, (3, 3, 2, 1, 0), (3, 1, 0, 0); 27181 // 103680
4, 5, (3, 3, 2, 1, 0), (5, 0, 0, 0); 27181 // 51840
4, 5, (3, 2, 2, 2, 0), (1, 0, 0, 1); 9809 // 552960
4, 5, (3, 2, 2, 2, 0), (0, 1, 1, 0); 75823 // 1290240
4, 5, (3, 2, 2, 2, 0), (2, 0, 1, 0); 75823 // 645120
4, 5, (3, 2, 2, 2, 0), (1, 2, 0, 0); 77255 // 387072
4, 5, (3, 2, 2, 2, 0), (3, 1, 0, 0); 77255 // 193536
4, 5, (3, 2, 2, 2, 0), (5, 0, 0, 0); 77255 // 96768
4, 5, (5, 1, 1, 1, 1), (1, 0, 0, 1); 103 // 13824
4, 5, (5, 1, 1, 1, 1), (0, 1, 1, 0); 119 // 4608
4, 5, (5, 1, 1, 1, 1), (2, 0, 1, 0); 119 // 2304
4, 5, (5, 1, 1, 1, 1), (1, 2, 0, 0); 611 // 6912
4, 5, (5, 1, 1, 1, 1), (3, 1, 0, 0); 611 // 3456
4, 5, (5, 1, 1, 1, 1), (5, 0, 0, 0); 611 // 1728
4, 5, (4, 2, 1, 1, 1), (1, 0, 0, 1); 3083 // 161280
4, 5, (4, 2, 1, 1, 1), (0, 1, 1, 0); 1161 // 17920
4, 5, (4, 2, 1, 1, 1), (2, 0, 1, 0); 1161 // 8960
4, 5, (4, 2, 1, 1, 1), (1, 2, 0, 0); 509 // 2304
4, 5, (4, 2, 1, 1, 1), (3, 1, 0, 0); 509 // 1152
4, 5, (4, 2, 1, 1, 1), (5, 0, 0, 0); 509 // 576
4, 5, (3, 3, 1, 1, 1), (1, 0, 0, 1); 2081 // 80640
4, 5, (3, 3, 1, 1, 1), (0, 1, 1, 0); 6967 // 80640
4, 5, (3, 3, 1, 1, 1), (2, 0, 1, 0); 6967 // 40320
4, 5, (3, 3, 1, 1, 1), (1, 2, 0, 0); 1317 // 4480
4, 5, (3, 3, 1, 1, 1), (3, 1, 0, 0); 1317 // 2240
4, 5, (3, 3, 1, 1, 1), (5, 0, 0, 0); 1317 // 1120
4, 5, (3, 2, 2, 1, 1), (1, 0, 0, 1); 3613 // 92160
4, 5, (3, 2, 2, 1, 1), (0, 1, 1, 0); 84073 // 645120
4, 5, (3, 2, 2, 1, 1), (2, 0, 1, 0); 84073 // 322560
4, 5, (3, 2, 2, 1, 1), (1, 2, 0, 0); 28571 // 64512
4, 5, (3, 2, 2, 1, 1), (3, 1, 0, 0); 28571 // 32256
4, 5, (3, 2, 2, 1, 1), (5, 0, 0, 0); 28571 // 16128
4, 5, (2, 2, 2, 2, 1), (1, 0, 0, 1); 1033 // 17280
4, 5, (2, 2, 2, 2, 1), (0, 1, 1, 0); 1133 // 5760
4, 5, (2, 2, 2, 2, 1), (2, 0, 1, 0); 1133 // 2880
4, 5, (2, 2, 2, 2, 1), (1, 2, 0, 0); 1153 // 1728
4, 5, (2, 2, 2, 2, 1), (3, 1, 0, 0); 1153 // 864
4, 5, (2, 2, 2, 2, 1), (5, 0, 0, 0); 1153 // 432
4, 5, (10, 0, 0, 0, 0), (0, 0, 0, 1); 127 // 154828800
4, 5, (10, 0, 0, 0, 0), (1, 0, 1, 0); 1859 // 348364800
4, 5, (10, 0, 0, 0, 0), (0, 2, 0, 0); 899 // 99532800
4, 5, (10, 0, 0, 0, 0), (2, 1, 0, 0); 899 // 49766400
4, 5, (10, 0, 0, 0, 0), (4, 0, 0, 0); 899 // 24883200
4, 5, (9, 1, 0, 0, 0), (0, 0, 0, 1); 127 // 15482880
4, 5, (9, 1, 0, 0, 0), (1, 0, 1, 0); 1859 // 34836480
4, 5, (9, 1, 0, 0, 0), (0, 2, 0, 0); 899 // 9953280
4, 5, (9, 1, 0, 0, 0), (2, 1, 0, 0); 899 // 4976640
4, 5, (9, 1, 0, 0, 0), (4, 0, 0, 0); 899 // 2488320
4, 5, (8, 2, 0, 0, 0), (0, 0, 0, 1); 127 // 3440640
4, 5, (8, 2, 0, 0, 0), (1, 0, 1, 0); 16441 // 69672960
4, 5, (8, 2, 0, 0, 0), (0, 2, 0, 0); 55477 // 139345920
4, 5, (8, 2, 0, 0, 0), (2, 1, 0, 0); 55477 // 69672960
4, 5, (8, 2, 0, 0, 0), (4, 0, 0, 0); 55477 // 34836480
4, 5, (7, 3, 0, 0, 0), (0, 0, 0, 1); 127 // 1290240
4, 5, (7, 3, 0, 0, 0), (1, 0, 1, 0); 107551 // 174182400
4, 5, (7, 3, 0, 0, 0), (0, 2, 0, 0); 45203 // 43545600
4, 5, (7, 3, 0, 0, 0), (2, 1, 0, 0); 45203 // 21772800
4, 5, (7, 3, 0, 0, 0), (4, 0, 0, 0); 45203 // 10886400
4, 5, (6, 4, 0, 0, 0), (0, 0, 0, 1); 127 // 737280
4, 5, (6, 4, 0, 0, 0), (1, 0, 1, 0); 46441 // 43545600
4, 5, (6, 4, 0, 0, 0), (0, 2, 0, 0); 623041 // 348364800
4, 5, (6, 4, 0, 0, 0), (2, 1, 0, 0); 623041 // 174182400
4, 5, (6, 4, 0, 0, 0), (4, 0, 0, 0); 623041 // 87091200
4, 5, (5, 5, 0, 0, 0), (0, 0, 0, 1); 127 // 614400
4, 5, (5, 5, 0, 0, 0), (1, 0, 1, 0); 317 // 248832
4, 5, (5, 5, 0, 0, 0), (0, 2, 0, 0); 53113 // 24883200
4, 5, (5, 5, 0, 0, 0), (2, 1, 0, 0); 53113 // 12441600
4, 5, (5, 5, 0, 0, 0), (4, 0, 0, 0); 53113 // 6220800
4, 5, (8, 1, 1, 0, 0), (0, 0, 0, 1); 127 // 1720320
4, 5, (8, 1, 1, 0, 0), (1, 0, 1, 0); 1859 // 3870720
4, 5, (8, 1, 1, 0, 0), (0, 2, 0, 0); 899 // 1105920
4, 5, (8, 1, 1, 0, 0), (2, 1, 0, 0); 899 // 552960
4, 5, (8, 1, 1, 0, 0), (4, 0, 0, 0); 899 // 276480
4, 5, (7, 2, 1, 0, 0), (0, 0, 0, 1); 127 // 430080
4, 5, (7, 2, 1, 0, 0), (1, 0, 1, 0); 32737 // 17418240
4, 5, (7, 2, 1, 0, 0), (0, 2, 0, 0); 55187 // 17418240
4, 5, (7, 2, 1, 0, 0), (2, 1, 0, 0); 55187 // 8709120
4, 5, (7, 2, 1, 0, 0), (4, 0, 0, 0); 55187 // 4354560
4, 5, (6, 3, 1, 0, 0), (0, 0, 0, 1); 127 // 184320
4, 5, (6, 3, 1, 0, 0), (1, 0, 1, 0); 12469 // 2903040
4, 5, (6, 3, 1, 0, 0), (0, 2, 0, 0); 8375 // 1161216
4, 5, (6, 3, 1, 0, 0), (2, 1, 0, 0); 8375 // 580608
4, 5, (6, 3, 1, 0, 0), (4, 0, 0, 0); 8375 // 290304
4, 5, (5, 4, 1, 0, 0), (0, 0, 0, 1); 127 // 122880
4, 5, (5, 4, 1, 0, 0), (1, 0, 1, 0); 1585 // 248832
4, 5, (5, 4, 1, 0, 0), (0, 2, 0, 0); 53113 // 4976640
4, 5, (5, 4, 1, 0, 0), (2, 1, 0, 0); 53113 // 2488320
4, 5, (5, 4, 1, 0, 0), (4, 0, 0, 0); 53113 // 1244160
4, 5, (6, 2, 2, 0, 0), (0, 0, 0, 1); 127 // 122880
4, 5, (6, 2, 2, 0, 0), (1, 0, 1, 0); 279949 // 43545600
4, 5, (6, 2, 2, 0, 0), (0, 2, 0, 0); 1879547 // 174182400
4, 5, (6, 2, 2, 0, 0), (2, 1, 0, 0); 1879547 // 87091200
4, 5, (6, 2, 2, 0, 0), (4, 0, 0, 0); 1879547 // 43545600
4, 5, (5, 3, 2, 0, 0), (0, 0, 0, 1); 127 // 61440
4, 5, (5, 3, 2, 0, 0), (1, 0, 1, 0); 2198551 // 174182400
4, 5, (5, 3, 2, 0, 0), (0, 2, 0, 0); 919253 // 43545600
4, 5, (5, 3, 2, 0, 0), (2, 1, 0, 0); 919253 // 21772800
4, 5, (5, 3, 2, 0, 0), (4, 0, 0, 0); 919253 // 10886400
4, 5, (4, 4, 2, 0, 0), (0, 0, 0, 1); 127 // 49152
4, 5, (4, 4, 2, 0, 0), (1, 0, 1, 0); 182003 // 11612160
4, 5, (4, 4, 2, 0, 0), (0, 2, 0, 0); 607997 // 23224320
4, 5, (4, 4, 2, 0, 0), (2, 1, 0, 0); 607997 // 11612160
4, 5, (4, 4, 2, 0, 0), (4, 0, 0, 0); 607997 // 5806080
4, 5, (4, 3, 3, 0, 0), (0, 0, 0, 1); 127 // 36864
4, 5, (4, 3, 3, 0, 0), (1, 0, 1, 0); 602423 // 29030400
4, 5, (4, 3, 3, 0, 0), (0, 2, 0, 0); 1004821 // 29030400
4, 5, (4, 3, 3, 0, 0), (2, 1, 0, 0); 1004821 // 14515200
4, 5, (4, 3, 3, 0, 0), (4, 0, 0, 0); 1004821 // 7257600
4, 5, (7, 1, 1, 1, 0), (0, 0, 0, 1); 127 // 215040
4, 5, (7, 1, 1, 1, 0), (1, 0, 1, 0); 1859 // 483840
4, 5, (7, 1, 1, 1, 0), (0, 2, 0, 0); 899 // 138240
4, 5, (7, 1, 1, 1, 0), (2, 1, 0, 0); 899 // 69120
4, 5, (7, 1, 1, 1, 0), (4, 0, 0, 0); 899 // 34560
4, 5, (6, 2, 1, 1, 0), (0, 0, 0, 1); 127 // 61440
4, 5, (6, 2, 1, 1, 0), (1, 0, 1, 0); 25301 // 1935360
4, 5, (6, 2, 1, 1, 0), (0, 2, 0, 0); 42601 // 1935360
4, 5, (6, 2, 1, 1, 0), (2, 1, 0, 0); 42601 // 967680
4, 5, (6, 2, 1, 1, 0), (4, 0, 0, 0); 42601 // 483840
4, 5, (5, 3, 1, 1, 0), (0, 0, 0, 1); 127 // 30720
4, 5, (5, 3, 1, 1, 0), (1, 0, 1, 0); 49513 // 1935360
4, 5, (5, 3, 1, 1, 0), (0, 2, 0, 0); 5189 // 120960
4, 5, (5, 3, 1, 1, 0), (2, 1, 0, 0); 5189 // 60480
4, 5, (5, 3, 1, 1, 0), (4, 0, 0, 0); 5189 // 30240
4, 5, (4, 4, 1, 1, 0), (0, 0, 0, 1); 127 // 24576
4, 5, (4, 4, 1, 1, 0), (1, 0, 1, 0); 20479 // 645120
4, 5, (4, 4, 1, 1, 0), (0, 2, 0, 0); 68581 // 1290240
4, 5, (4, 4, 1, 1, 0), (2, 1, 0, 0); 68581 // 645120
4, 5, (4, 4, 1, 1, 0), (4, 0, 0, 0); 68581 // 322560
4, 5, (5, 2, 2, 1, 0), (0, 0, 0, 1); 127 // 20480
4, 5, (5, 2, 2, 1, 0), (1, 0, 1, 0); 332189 // 8709120
4, 5, (5, 2, 2, 1, 0), (0, 2, 0, 0); 1112729 // 17418240
4, 5, (5, 2, 2, 1, 0), (2, 1, 0, 0); 1112729 // 8709120
4, 5, (5, 2, 2, 1, 0), (4, 0, 0, 0); 1112729 // 4354560
4, 5, (4, 3, 2, 1, 0), (0, 0, 0, 1); 127 // 12288
4, 5, (4, 3, 2, 1, 0), (1, 0, 1, 0); 12959 // 207360
4, 5, (4, 3, 2, 1, 0), (0, 2, 0, 0); 86527 // 829440
4, 5, (4, 3, 2, 1, 0), (2, 1, 0, 0); 86527 // 414720
4, 5, (4, 3, 2, 1, 0), (4, 0, 0, 0); 86527 // 207360
4, 5, (3, 3, 3, 1, 0), (0, 0, 0, 1); 127 // 9216
4, 5, (3, 3, 3, 1, 0), (1, 0, 1, 0); 8873 // 107520
4, 5, (3, 3, 3, 1, 0), (0, 2, 0, 0); 11087 // 80640
4, 5, (3, 3, 3, 1, 0), (2, 1, 0, 0); 11087 // 40320
4, 5, (3, 3, 3, 1, 0), (4, 0, 0, 0); 11087 // 20160
4, 5, (4, 2, 2, 2, 0), (0, 0, 0, 1); 127 // 8192
4, 5, (4, 2, 2, 2, 0), (1, 0, 1, 0); 2699153 // 29030400
4, 5, (4, 2, 2, 2, 0), (0, 2, 0, 0); 8996387 // 58060800
4, 5, (4, 2, 2, 2, 0), (2, 1, 0, 0); 8996387 // 29030400
4, 5, (4, 2, 2, 2, 0), (4, 0, 0, 0); 8996387 // 14515200
4, 5, (3, 3, 2, 2, 0), (0, 0, 0, 1); 127 // 6144
4, 5, (3, 3, 2, 2, 0), (1, 0, 1, 0); 1781369 // 14515200
4, 5, (3, 3, 2, 2, 0), (0, 2, 0, 0); 2962663 // 14515200
4, 5, (3, 3, 2, 2, 0), (2, 1, 0, 0); 2962663 // 7257600
4, 5, (3, 3, 2, 2, 0), (4, 0, 0, 0); 2962663 // 3628800
4, 5, (6, 1, 1, 1, 1), (0, 0, 0, 1); 127 // 30720
4, 5, (6, 1, 1, 1, 1), (1, 0, 1, 0); 1859 // 69120
4, 5, (6, 1, 1, 1, 1), (0, 2, 0, 0); 6293 // 138240
4, 5, (6, 1, 1, 1, 1), (2, 1, 0, 0); 6293 // 69120
4, 5, (6, 1, 1, 1, 1), (4, 0, 0, 0); 6293 // 34560
4, 5, (5, 2, 1, 1, 1), (0, 0, 0, 1); 127 // 10240
4, 5, (5, 2, 1, 1, 1), (1, 0, 1, 0); 37589 // 483840
4, 5, (5, 2, 1, 1, 1), (0, 2, 0, 0); 126353 // 967680
4, 5, (5, 2, 1, 1, 1), (2, 1, 0, 0); 126353 // 483840
4, 5, (5, 2, 1, 1, 1), (4, 0, 0, 0); 126353 // 241920
4, 5, (4, 3, 1, 1, 1), (0, 0, 0, 1); 127 // 6144
4, 5, (4, 3, 1, 1, 1), (1, 0, 1, 0); 20479 // 161280
4, 5, (4, 3, 1, 1, 1), (0, 2, 0, 0); 68581 // 322560
4, 5, (4, 3, 1, 1, 1), (2, 1, 0, 0); 68581 // 161280
4, 5, (4, 3, 1, 1, 1), (4, 0, 0, 0); 68581 // 80640
4, 5, (4, 2, 2, 1, 1), (0, 0, 0, 1); 127 // 4096
4, 5, (4, 2, 2, 1, 1), (1, 0, 1, 0); 60611 // 322560
4, 5, (4, 2, 2, 1, 1), (0, 2, 0, 0); 202439 // 645120
4, 5, (4, 2, 2, 1, 1), (2, 1, 0, 0); 202439 // 322560
4, 5, (4, 2, 2, 1, 1), (4, 0, 0, 0); 202439 // 161280
4, 5, (3, 3, 2, 1, 1), (0, 0, 0, 1); 127 // 3072
4, 5, (3, 3, 2, 1, 1), (1, 0, 1, 0); 8873 // 35840
4, 5, (3, 3, 2, 1, 1), (0, 2, 0, 0); 11087 // 26880
4, 5, (3, 3, 2, 1, 1), (2, 1, 0, 0); 11087 // 13440
4, 5, (3, 3, 2, 1, 1), (4, 0, 0, 0); 11087 // 6720
4, 5, (3, 2, 2, 2, 1), (0, 0, 0, 1); 127 // 2048
4, 5, (3, 2, 2, 2, 1), (1, 0, 1, 0); 593 // 1620
4, 5, (3, 2, 2, 2, 1), (0, 2, 0, 0); 252181 // 414720
4, 5, (3, 2, 2, 2, 1), (2, 1, 0, 0); 252181 // 207360
4, 5, (3, 2, 2, 2, 1), (4, 0, 0, 0); 252181 // 103680
4, 5, (2, 2, 2, 2, 2), (0, 0, 0, 1); 381 // 4096
4, 5, (2, 2, 2, 2, 2), (1, 0, 1, 0); 14951 // 27648
4, 5, (2, 2, 2, 2, 2), (0, 2, 0, 0); 49517 // 55296
4, 5, (2, 2, 2, 2, 2), (2, 1, 0, 0); 49517 // 27648
4, 5, (2, 2, 2, 2, 2), (4, 0, 0, 0); 49517 // 13824
4, 5, (11, 0, 0, 0, 0), (0, 0, 1, 0); 13 // 6220800
4, 5, (11, 0, 0, 0, 0), (1, 1, 0, 0); 269 // 38707200
4, 5, (11, 0, 0, 0, 0), (3, 0, 0, 0); 269 // 19353600
4, 5, (10, 1, 0, 0, 0), (0, 0, 1, 0); 13 // 622080
4, 5, (10, 1, 0, 0, 0), (1, 1, 0, 0); 269 // 3870720
4, 5, (10, 1, 0, 0, 0), (3, 0, 0, 0); 269 // 1935360
4, 5, (9, 2, 0, 0, 0), (0, 0, 1, 0); 3767 // 38707200
4, 5, (9, 2, 0, 0, 0), (1, 1, 0, 0); 33 // 102400
4, 5, (9, 2, 0, 0, 0), (3, 0, 0, 0); 33 // 51200
4, 5, (8, 3, 0, 0, 0), (0, 0, 1, 0); 96617 // 348364800
4, 5, (8, 3, 0, 0, 0), (1, 1, 0, 0); 53129 // 58060800
4, 5, (8, 3, 0, 0, 0), (3, 0, 0, 0); 53129 // 29030400
4, 5, (7, 4, 0, 0, 0), (0, 0, 1, 0); 186839 // 348364800
4, 5, (7, 4, 0, 0, 0), (1, 1, 0, 0); 22793 // 12902400
4, 5, (7, 4, 0, 0, 0), (3, 0, 0, 0); 22793 // 6451200
4, 5, (6, 5, 0, 0, 0), (0, 0, 1, 0); 85747 // 116121600
4, 5, (6, 5, 0, 0, 0), (1, 1, 0, 0); 141161 // 58060800
4, 5, (6, 5, 0, 0, 0), (3, 0, 0, 0); 141161 // 29030400
4, 5, (9, 1, 1, 0, 0), (0, 0, 1, 0); 13 // 69120
4, 5, (9, 1, 1, 0, 0), (1, 1, 0, 0); 269 // 430080
4, 5, (9, 1, 1, 0, 0), (3, 0, 0, 0); 269 // 215040
4, 5, (8, 2, 1, 0, 0), (0, 0, 1, 0); 1013 // 1290240
4, 5, (8, 2, 1, 0, 0), (1, 1, 0, 0); 1117 // 430080
4, 5, (8, 2, 1, 0, 0), (3, 0, 0, 0); 1117 // 215040
4, 5, (7, 3, 1, 0, 0), (0, 0, 1, 0); 34633 // 17418240
4, 5, (7, 3, 1, 0, 0), (1, 1, 0, 0); 76099 // 11612160
4, 5, (7, 3, 1, 0, 0), (3, 0, 0, 0); 76099 // 5806080
4, 5, (6, 4, 1, 0, 0), (0, 0, 1, 0); 39191 // 11612160
4, 5, (6, 4, 1, 0, 0), (1, 1, 0, 0); 9217 // 829440
4, 5, (6, 4, 1, 0, 0), (3, 0, 0, 0); 9217 // 414720
4, 5, (5, 5, 1, 0, 0), (0, 0, 1, 0); 11639 // 2903040
4, 5, (5, 5, 1, 0, 0), (1, 1, 0, 0); 38321 // 2903040
4, 5, (5, 5, 1, 0, 0), (3, 0, 0, 0); 38321 // 1451520
4, 5, (7, 2, 2, 0, 0), (0, 0, 1, 0); 169129 // 58060800
4, 5, (7, 2, 2, 0, 0), (1, 1, 0, 0); 556663 // 58060800
4, 5, (7, 2, 2, 0, 0), (3, 0, 0, 0); 556663 // 29030400
4, 5, (6, 3, 2, 0, 0), (0, 0, 1, 0); 188003 // 29030400
4, 5, (6, 3, 2, 0, 0), (1, 1, 0, 0); 2468197 // 116121600
4, 5, (6, 3, 2, 0, 0), (3, 0, 0, 0); 2468197 // 58060800
4, 5, (5, 4, 2, 0, 0), (0, 0, 1, 0); 1101431 // 116121600
4, 5, (5, 4, 2, 0, 0), (1, 1, 0, 0); 516139 // 16588800
4, 5, (5, 4, 2, 0, 0), (3, 0, 0, 0); 516139 // 8294400
4, 5, (5, 3, 3, 0, 0), (0, 0, 1, 0); 40073 // 3225600
4, 5, (5, 3, 3, 0, 0), (1, 1, 0, 0); 262447 // 6451200
4, 5, (5, 3, 3, 0, 0), (3, 0, 0, 0); 262447 // 3225600
4, 5, (4, 4, 3, 0, 0), (0, 0, 1, 0); 177869 // 11612160
4, 5, (4, 4, 3, 0, 0), (1, 1, 0, 0); 970247 // 19353600
4, 5, (4, 4, 3, 0, 0), (3, 0, 0, 0); 970247 // 9676800
4, 5, (8, 1, 1, 1, 0), (0, 0, 1, 0); 13 // 8640
4, 5, (8, 1, 1, 1, 0), (1, 1, 0, 0); 269 // 53760
4, 5, (8, 1, 1, 1, 0), (3, 0, 0, 0); 269 // 26880
4, 5, (7, 2, 1, 1, 0), (0, 0, 1, 0); 21527 // 3870720
4, 5, (7, 2, 1, 1, 0), (1, 1, 0, 0); 7901 // 430080
4, 5, (7, 2, 1, 1, 0), (3, 0, 0, 0); 7901 // 215040
4, 5, (6, 3, 1, 1, 0), (0, 0, 1, 0); 15913 // 1290240
4, 5, (6, 3, 1, 1, 0), (1, 1, 0, 0); 13099 // 322560
4, 5, (6, 3, 1, 1, 0), (3, 0, 0, 0); 13099 // 161280
4, 5, (5, 4, 1, 1, 0), (0, 0, 1, 0); 11639 // 645120
4, 5, (5, 4, 1, 1, 0), (1, 1, 0, 0); 38321 // 645120
4, 5, (5, 4, 1, 1, 0), (3, 0, 0, 0); 38321 // 322560
4, 5, (6, 2, 2, 1, 0), (0, 0, 1, 0); 26137 // 1451520
4, 5, (6, 2, 2, 1, 0), (1, 1, 0, 0); 6131 // 103680
4, 5, (6, 2, 2, 1, 0), (3, 0, 0, 0); 6131 // 51840
4, 5, (5, 3, 2, 1, 0), (0, 0, 1, 0); 44411 // 1290240
4, 5, (5, 3, 2, 1, 0), (1, 1, 0, 0); 1309961 // 11612160
4, 5, (5, 3, 2, 1, 0), (3, 0, 0, 0); 1309961 // 5806080
4, 5, (4, 4, 2, 1, 0), (0, 0, 1, 0); 49223 // 1161216
4, 5, (4, 4, 2, 1, 0), (1, 1, 0, 0); 115231 // 829440
4, 5, (4, 4, 2, 1, 0), (3, 0, 0, 0); 115231 // 414720
4, 5, (4, 3, 3, 1, 0), (0, 0, 1, 0); 1021 // 18432
4, 5, (4, 3, 3, 1, 0), (1, 1, 0, 0); 526031 // 2903040
4, 5, (4, 3, 3, 1, 0), (3, 0, 0, 0); 526031 // 1451520
4, 5, (5, 2, 2, 2, 0), (0, 0, 1, 0); 27727 // 552960
4, 5, (5, 2, 2, 2, 0), (1, 1, 0, 0); 9515941 // 58060800
4, 5, (5, 2, 2, 2, 0), (3, 0, 0, 0); 9515941 // 29030400
4, 5, (4, 3, 2, 2, 0), (0, 0, 1, 0); 11143 // 138240
4, 5, (4, 3, 2, 2, 0), (1, 1, 0, 0); 1909657 // 7257600
4, 5, (4, 3, 2, 2, 0), (3, 0, 0, 0); 1909657 // 3628800
4, 5, (3, 3, 3, 2, 0), (0, 0, 1, 0); 9697 // 92160
4, 5, (3, 3, 3, 2, 0), (1, 1, 0, 0); 189683 // 552960
4, 5, (3, 3, 3, 2, 0), (3, 0, 0, 0); 189683 // 276480
4, 5, (7, 1, 1, 1, 1), (0, 0, 1, 0); 91 // 8640
4, 5, (7, 1, 1, 1, 1), (1, 1, 0, 0); 269 // 7680
4, 5, (7, 1, 1, 1, 1), (3, 0, 0, 0); 269 // 3840
4, 5, (6, 2, 1, 1, 1), (0, 0, 1, 0); 5477 // 161280
4, 5, (6, 2, 1, 1, 1), (1, 1, 0, 0); 1003 // 8960
4, 5, (6, 2, 1, 1, 1), (3, 0, 0, 0); 1003 // 4480
4, 5, (5, 3, 1, 1, 1), (0, 0, 1, 0); 2609 // 40320
4, 5, (5, 3, 1, 1, 1), (1, 1, 0, 0); 2453 // 11520
4, 5, (5, 3, 1, 1, 1), (3, 0, 0, 0); 2453 // 5760
4, 5, (4, 4, 1, 1, 1), (0, 0, 1, 0); 6421 // 80640
4, 5, (4, 4, 1, 1, 1), (1, 1, 0, 0); 235 // 896
4, 5, (4, 4, 1, 1, 1), (3, 0, 0, 0); 235 // 448
4, 5, (5, 2, 2, 1, 1), (0, 0, 1, 0); 241 // 2560
4, 5, (5, 2, 2, 1, 1), (1, 1, 0, 0); 24863 // 80640
4, 5, (5, 2, 2, 1, 1), (3, 0, 0, 0); 24863 // 40320
4, 5, (4, 3, 2, 1, 1), (0, 0, 1, 0); 27821 // 184320
4, 5, (4, 3, 2, 1, 1), (1, 1, 0, 0); 637417 // 1290240
4, 5, (4, 3, 2, 1, 1), (3, 0, 0, 0); 637417 // 645120
4, 5, (3, 3, 3, 1, 1), (0, 0, 1, 0); 4531 // 23040
4, 5, (3, 3, 3, 1, 1), (1, 1, 0, 0); 3949 // 6144
4, 5, (3, 3, 3, 1, 1), (3, 0, 0, 0); 3949 // 3072
4, 5, (4, 2, 2, 2, 1), (0, 0, 1, 0); 60551 // 276480
4, 5, (4, 2, 2, 2, 1), (1, 1, 0, 0); 592219 // 829440
4, 5, (4, 2, 2, 2, 1), (3, 0, 0, 0); 592219 // 414720
4, 5, (3, 3, 2, 2, 1), (0, 0, 1, 0); 13141 // 46080
4, 5, (3, 3, 2, 2, 1), (1, 1, 0, 0); 77071 // 82944
4, 5, (3, 3, 2, 2, 1), (3, 0, 0, 0); 77071 // 41472
4, 5, (3, 2, 2, 2, 2), (0, 0, 1, 0); 3805 // 9216
4, 5, (3, 2, 2, 2, 2), (1, 1, 0, 0); 556247 // 414720
4, 5, (3, 2, 2, 2, 2), (3, 0, 0, 0); 556247 // 207360
4, 5, (12, 0, 0, 0, 0), (0, 1, 0, 0); 1357 // 696729600
4, 5, (12, 0, 0, 0, 0), (2, 0, 0, 0); 1357 // 348364800
4, 5, (11, 1, 0, 0, 0), (0, 1, 0, 0); 1357 // 69672960
4, 5, (11, 1, 0, 0, 0), (2, 0, 0, 0); 1357 // 34836480
4, 5, (10, 2, 0, 0, 0), (0, 1, 0, 0); 65959 // 696729600
4, 5, (10, 2, 0, 0, 0), (2, 0, 0, 0); 65959 // 348364800
4, 5, (9, 3, 0, 0, 0), (0, 1, 0, 0); 101333 // 348364800
4, 5, (9, 3, 0, 0, 0), (2, 0, 0, 0); 101333 // 174182400
4, 5, (8, 4, 0, 0, 0), (0, 1, 0, 0); 61903 // 99532800
4, 5, (8, 4, 0, 0, 0), (2, 0, 0, 0); 61903 // 49766400
4, 5, (7, 5, 0, 0, 0), (0, 1, 0, 0); 168559 // 174182400
4, 5, (7, 5, 0, 0, 0), (2, 0, 0, 0); 168559 // 87091200
4, 5, (6, 6, 0, 0, 0), (0, 1, 0, 0); 8663 // 7741440
4, 5, (6, 6, 0, 0, 0), (2, 0, 0, 0); 8663 // 3870720
4, 5, (10, 1, 1, 0, 0), (0, 1, 0, 0); 1357 // 7741440
4, 5, (10, 1, 1, 0, 0), (2, 0, 0, 0); 1357 // 3870720
4, 5, (9, 2, 1, 0, 0), (0, 1, 0, 0); 3839 // 4976640
4, 5, (9, 2, 1, 0, 0), (2, 0, 0, 0); 3839 // 2488320
4, 5, (8, 3, 1, 0, 0), (0, 1, 0, 0); 1241 // 580608
4, 5, (8, 3, 1, 0, 0), (2, 0, 0, 0); 1241 // 290304
4, 5, (7, 4, 1, 0, 0), (0, 1, 0, 0); 284401 // 69672960
4, 5, (7, 4, 1, 0, 0), (2, 0, 0, 0); 284401 // 34836480
4, 5, (6, 5, 1, 0, 0), (0, 1, 0, 0); 8663 // 1548288
4, 5, (6, 5, 1, 0, 0), (2, 0, 0, 0); 8663 // 774144
4, 5, (8, 2, 2, 0, 0), (0, 1, 0, 0); 152381 // 49766400
4, 5, (8, 2, 2, 0, 0), (2, 0, 0, 0); 152381 // 24883200
4, 5, (7, 3, 2, 0, 0), (0, 1, 0, 0); 377261 // 49766400
4, 5, (7, 3, 2, 0, 0), (2, 0, 0, 0); 377261 // 24883200
4, 5, (6, 4, 2, 0, 0), (0, 1, 0, 0); 592547 // 46448640
4, 5, (6, 4, 2, 0, 0), (2, 0, 0, 0); 592547 // 23224320
4, 5, (5, 5, 2, 0, 0), (0, 1, 0, 0); 18293 // 1209600
4, 5, (5, 5, 2, 0, 0), (2, 0, 0, 0); 18293 // 604800
4, 5, (6, 3, 3, 0, 0), (0, 1, 0, 0); 1920647 // 116121600
4, 5, (6, 3, 3, 0, 0), (2, 0, 0, 0); 1920647 // 58060800
4, 5, (5, 4, 3, 0, 0), (0, 1, 0, 0); 931859 // 38707200
4, 5, (5, 4, 3, 0, 0), (2, 0, 0, 0); 931859 // 19353600
4, 5, (4, 4, 4, 0, 0), (0, 1, 0, 0); 572077 // 19353600
4, 5, (4, 4, 4, 0, 0), (2, 0, 0, 0); 572077 // 9676800
4, 5, (9, 1, 1, 1, 0), (0, 1, 0, 0); 1357 // 967680
4, 5, (9, 1, 1, 1, 0), (2, 0, 0, 0); 1357 // 483840
4, 5, (8, 2, 1, 1, 0), (0, 1, 0, 0); 4289 // 774144
4, 5, (8, 2, 1, 1, 0), (2, 0, 0, 0); 4289 // 387072
4, 5, (7, 3, 1, 1, 0), (0, 1, 0, 0); 10603 // 774144
4, 5, (7, 3, 1, 1, 0), (2, 0, 0, 0); 10603 // 387072
4, 5, (6, 4, 1, 1, 0), (0, 1, 0, 0); 19819 // 860160
4, 5, (6, 4, 1, 1, 0), (2, 0, 0, 0); 19819 // 430080
4, 5, (5, 5, 1, 1, 0), (0, 1, 0, 0); 979 // 35840
4, 5, (5, 5, 1, 1, 0), (2, 0, 0, 0); 979 // 17920
4, 5, (7, 2, 2, 1, 0), (0, 1, 0, 0); 680657 // 34836480
4, 5, (7, 2, 2, 1, 0), (2, 0, 0, 0); 680657 // 17418240
4, 5, (6, 3, 2, 1, 0), (0, 1, 0, 0); 98869 // 2322432
4, 5, (6, 3, 2, 1, 0), (2, 0, 0, 0); 98869 // 1161216
4, 5, (5, 4, 2, 1, 0), (0, 1, 0, 0); 119911 // 1935360
4, 5, (5, 4, 2, 1, 0), (2, 0, 0, 0); 119911 // 967680
4, 5, (5, 3, 3, 1, 0), (0, 1, 0, 0); 931957 // 11612160
4, 5, (5, 3, 3, 1, 0), (2, 0, 0, 0); 931957 // 5806080
4, 5, (4, 4, 3, 1, 0), (0, 1, 0, 0); 572077 // 5806080
4, 5, (4, 4, 3, 1, 0), (2, 0, 0, 0); 572077 // 2903040
4, 5, (6, 2, 2, 2, 0), (0, 1, 0, 0); 1409033 // 23224320
4, 5, (6, 2, 2, 2, 0), (2, 0, 0, 0); 1409033 // 11612160
4, 5, (5, 3, 2, 2, 0), (0, 1, 0, 0); 442727 // 3870720
4, 5, (5, 3, 2, 2, 0), (2, 0, 0, 0); 442727 // 1935360
4, 5, (4, 4, 2, 2, 0), (0, 1, 0, 0); 4077133 // 29030400
4, 5, (4, 4, 2, 2, 0), (2, 0, 0, 0); 4077133 // 14515200
4, 5, (4, 3, 3, 2, 0), (0, 1, 0, 0); 3018169 // 16588800
4, 5, (4, 3, 3, 2, 0), (2, 0, 0, 0); 3018169 // 8294400
4, 5, (3, 3, 3, 3, 0), (0, 1, 0, 0); 162949 // 691200
4, 5, (3, 3, 3, 3, 0), (2, 0, 0, 0); 162949 // 345600
4, 5, (8, 1, 1, 1, 1), (0, 1, 0, 0); 1357 // 138240
4, 5, (8, 1, 1, 1, 1), (2, 0, 0, 0); 1357 // 69120
4, 5, (7, 2, 1, 1, 1), (0, 1, 0, 0); 33391 // 967680
4, 5, (7, 2, 1, 1, 1), (2, 0, 0, 0); 33391 // 483840
4, 5, (6, 3, 1, 1, 1), (0, 1, 0, 0); 1153 // 15360
4, 5, (6, 3, 1, 1, 1), (2, 0, 0, 0); 1153 // 7680
4, 5, (5, 4, 1, 1, 1), (0, 1, 0, 0); 979 // 8960
4, 5, (5, 4, 1, 1, 1), (2, 0, 0, 0); 979 // 4480
4, 5, (6, 2, 2, 1, 1), (0, 1, 0, 0); 137843 // 1290240
4, 5, (6, 2, 2, 1, 1), (2, 0, 0, 0); 137843 // 645120
4, 5, (5, 3, 2, 1, 1), (0, 1, 0, 0); 2885 // 14336
4, 5, (5, 3, 2, 1, 1), (2, 0, 0, 0); 2885 // 7168
4, 5, (4, 4, 2, 1, 1), (0, 1, 0, 0); 2657 // 10752
4, 5, (4, 4, 2, 1, 1), (2, 0, 0, 0); 2657 // 5376
4, 5, (4, 3, 3, 1, 1), (0, 1, 0, 0); 58951 // 184320
4, 5, (4, 3, 3, 1, 1), (2, 0, 0, 0); 58951 // 92160
4, 5, (5, 2, 2, 2, 1), (0, 1, 0, 0); 118693 // 414720
4, 5, (5, 2, 2, 2, 1), (2, 0, 0, 0); 118693 // 207360
4, 5, (4, 3, 2, 2, 1), (0, 1, 0, 0); 377479 // 829440
4, 5, (4, 3, 2, 2, 1), (2, 0, 0, 0); 377479 // 414720
4, 5, (3, 3, 3, 2, 1), (0, 1, 0, 0); 162949 // 276480
4, 5, (3, 3, 3, 2, 1), (2, 0, 0, 0); 162949 // 138240
4, 5, (4, 2, 2, 2, 2), (0, 1, 0, 0); 497 // 768
4, 5, (4, 2, 2, 2, 2), (2, 0, 0, 0); 497 // 384
4, 5, (3, 3, 2, 2, 2), (0, 1, 0, 0); 92713 // 110592
4, 5, (3, 3, 2, 2, 2), (2, 0, 0, 0); 92713 // 55296
4, 5, (13, 0, 0, 0, 0), (1, 0, 0, 0); 1 // 1244160
4, 5, (12, 1, 0, 0, 0), (1, 0, 0, 0); 1 // 124416
4, 5, (11, 2, 0, 0, 0), (1, 0, 0, 0); 4763 // 116121600
4, 5, (10, 3, 0, 0, 0), (1, 0, 0, 0); 47431 // 348364800
4, 5, (9, 4, 0, 0, 0), (1, 0, 0, 0); 111379 // 348364800
4, 5, (8, 5, 0, 0, 0), (1, 0, 0, 0); 9191 // 16588800
4, 5, (7, 6, 0, 0, 0), (1, 0, 0, 0); 6017 // 8294400
4, 5, (11, 1, 1, 0, 0), (1, 0, 0, 0); 1 // 13824
4, 5, (10, 2, 1, 0, 0), (1, 0, 0, 0); 3923 // 11612160
4, 5, (9, 3, 1, 0, 0), (1, 0, 0, 0); 17831 // 17418240
4, 5, (8, 4, 1, 0, 0), (1, 0, 0, 0); 8413 // 3870720
4, 5, (7, 5, 1, 0, 0), (1, 0, 0, 0); 19549 // 5806080
4, 5, (6, 6, 1, 0, 0), (1, 0, 0, 0); 2257 // 580608
4, 5, (9, 2, 2, 0, 0), (1, 0, 0, 0); 83641 // 58060800
4, 5, (8, 3, 2, 0, 0), (1, 0, 0, 0); 5731 // 1451520
4, 5, (7, 4, 2, 0, 0), (1, 0, 0, 0); 435161 // 58060800
4, 5, (6, 5, 2, 0, 0), (1, 0, 0, 0); 1188863 // 116121600
4, 5, (7, 3, 3, 0, 0), (1, 0, 0, 0); 3121 // 322560
4, 5, (6, 4, 3, 0, 0), (1, 0, 0, 0); 376151 // 23224320
4, 5, (5, 5, 3, 0, 0), (1, 0, 0, 0); 278153 // 14515200
4, 5, (5, 4, 4, 0, 0), (1, 0, 0, 0); 16231 // 691200
4, 5, (10, 1, 1, 1, 0), (1, 0, 0, 0); 1 // 1728
4, 5, (9, 2, 1, 1, 0), (1, 0, 0, 0); 9529 // 3870720
4, 5, (8, 3, 1, 1, 0), (1, 0, 0, 0); 8711 // 1290240
4, 5, (7, 4, 1, 1, 0), (1, 0, 0, 0); 1033 // 80640
4, 5, (6, 5, 1, 1, 0), (1, 0, 0, 0); 2257 // 129024
4, 5, (8, 2, 2, 1, 0), (1, 0, 0, 0); 27527 // 2903040
4, 5, (7, 3, 2, 1, 0), (1, 0, 0, 0); 3333 // 143360
4, 5, (6, 4, 2, 1, 0), (1, 0, 0, 0); 451597 // 11612160
4, 5, (5, 5, 2, 1, 0), (1, 0, 0, 0); 66767 // 1451520
4, 5, (6, 3, 3, 1, 0), (1, 0, 0, 0); 32423 // 645120
4, 5, (5, 4, 3, 1, 0), (1, 0, 0, 0); 5033 // 69120
4, 5, (4, 4, 4, 1, 0), (1, 0, 0, 0); 137 // 1536
4, 5, (7, 2, 2, 2, 0), (1, 0, 0, 0); 11861 // 362880
4, 5, (6, 3, 2, 2, 0), (1, 0, 0, 0); 820339 // 11612160
4, 5, (5, 4, 2, 2, 0), (1, 0, 0, 0); 106091 // 1036800
4, 5, (5, 3, 3, 2, 0), (1, 0, 0, 0); 1096657 // 8294400
4, 5, (4, 4, 3, 2, 0), (1, 0, 0, 0); 223829 // 1382400
4, 5, (4, 3, 3, 3, 0), (1, 0, 0, 0); 1734913 // 8294400
4, 5, (9, 1, 1, 1, 1), (1, 0, 0, 0); 7 // 1728
4, 5, (8, 2, 1, 1, 1), (1, 0, 0, 0); 841 // 53760
4, 5, (7, 3, 1, 1, 1), (1, 0, 0, 0); 221 // 5760
4, 5, (6, 4, 1, 1, 1), (1, 0, 0, 0); 517 // 8064
4, 5, (5, 5, 1, 1, 1), (1, 0, 0, 0); 1223 // 16128
4, 5, (7, 2, 2, 1, 1), (1, 0, 0, 0); 3487 // 64512
4, 5, (6, 3, 2, 1, 1), (1, 0, 0, 0); 50243 // 430080
4, 5, (5, 4, 2, 1, 1), (1, 0, 0, 0); 2597 // 15360
4, 5, (5, 3, 3, 1, 1), (1, 0, 0, 0); 3359 // 15360
4, 5, (4, 4, 3, 1, 1), (1, 0, 0, 0); 137 // 512
4, 5, (6, 2, 2, 2, 1), (1, 0, 0, 0); 13661 // 82944
4, 5, (5, 3, 2, 2, 1), (1, 0, 0, 0); 1331 // 4320
4, 5, (4, 4, 2, 2, 1), (1, 0, 0, 0); 15635 // 41472
4, 5, (4, 3, 3, 2, 1), (1, 0, 0, 0); 404167 // 829440
4, 5, (3, 3, 3, 3, 1), (1, 0, 0, 0); 130603 // 207360
4, 5, (5, 2, 2, 2, 2), (1, 0, 0, 0); 11263 // 25920
4, 5, (4, 3, 2, 2, 2), (1, 0, 0, 0); 94951 // 138240
4, 5, (3, 3, 3, 2, 2), (1, 0, 0, 0); 49063 // 55296
4, 5, (14, 0, 0, 0, 0), (0, 0, 0, 0); 1 // 7962624
4, 5, (13, 1, 0, 0, 0), (0, 0, 0, 0); 5 // 3981312
4, 5, (12, 2, 0, 0, 0), (0, 0, 0, 0); 269 // 39813120
4, 5, (11, 3, 0, 0, 0), (0, 0, 0, 0); 337 // 13934592
4, 5, (10, 4, 0, 0, 0), (0, 0, 0, 0); 431 // 6967296
4, 5, (9, 5, 0, 0, 0), (0, 0, 0, 0); 235 // 1990656
4, 5, (8, 6, 0, 0, 0), (0, 0, 0, 0); 229 // 1327104
4, 5, (7, 7, 0, 0, 0), (0, 0, 0, 0); 649 // 3317760
4, 5, (12, 1, 1, 0, 0), (0, 0, 0, 0); 5 // 442368
4, 5, (11, 2, 1, 0, 0), (0, 0, 0, 0); 7 // 124416
4, 5, (10, 3, 1, 0, 0), (0, 0, 0, 0); 431 // 2322432
4, 5, (9, 4, 1, 0, 0), (0, 0, 0, 0); 431 // 995328
4, 5, (8, 5, 1, 0, 0), (0, 0, 0, 0); 31 // 41472
4, 5, (7, 6, 1, 0, 0), (0, 0, 0, 0); 649 // 663552
4, 5, (10, 2, 2, 0, 0), (0, 0, 0, 0); 3211 // 12441600
4, 5, (9, 3, 2, 0, 0), (0, 0, 0, 0); 270559 // 348364800
4, 5, (8, 4, 2, 0, 0), (0, 0, 0, 0); 47587 // 29030400
4, 5, (7, 5, 2, 0, 0), (0, 0, 0, 0); 36767 // 14515200
4, 5, (6, 6, 2, 0, 0), (0, 0, 0, 0); 135803 // 46448640
4, 5, (8, 3, 3, 0, 0), (0, 0, 0, 0); 245491 // 116121600
4, 5, (7, 4, 3, 0, 0), (0, 0, 0, 0); 77303 // 19353600
4, 5, (6, 5, 3, 0, 0), (0, 0, 0, 0); 126449 // 23224320
4, 5, (6, 4, 4, 0, 0), (0, 0, 0, 0); 77303 // 11612160
4, 5, (5, 5, 4, 0, 0), (0, 0, 0, 0); 22823 // 2903040
4, 5, (11, 1, 1, 1, 0), (0, 0, 0, 0); 5 // 55296
4, 5, (10, 2, 1, 1, 0), (0, 0, 0, 0); 23 // 55296
4, 5, (9, 3, 1, 1, 0), (0, 0, 0, 0); 971 // 774144
4, 5, (8, 4, 1, 1, 0), (0, 0, 0, 0); 341 // 129024
4, 5, (7, 5, 1, 1, 0), (0, 0, 0, 0); 527 // 129024
4, 5, (6, 6, 1, 1, 0), (0, 0, 0, 0); 2435 // 516096
4, 5, (9, 2, 2, 1, 0), (0, 0, 0, 0); 17 // 9720
4, 5, (8, 3, 2, 1, 0), (0, 0, 0, 0); 3457 // 725760
4, 5, (7, 4, 2, 1, 0), (0, 0, 0, 0); 5797 // 645120
4, 5, (6, 5, 2, 1, 0), (0, 0, 0, 0); 3559 // 290304
4, 5, (7, 3, 3, 1, 0), (0, 0, 0, 0); 134867 // 11612160
4, 5, (6, 4, 3, 1, 0), (0, 0, 0, 0); 44921 // 2322432
4, 5, (5, 5, 3, 1, 0), (0, 0, 0, 0); 829 // 36288
4, 5, (5, 4, 4, 1, 0), (0, 0, 0, 0); 257 // 9216
4, 5, (8, 2, 2, 2, 0), (0, 0, 0, 0); 23 // 3456
4, 5, (7, 3, 2, 2, 0), (0, 0, 0, 0); 9407 // 580608
4, 5, (6, 4, 2, 2, 0), (0, 0, 0, 0); 156683 // 5806080
4, 5, (5, 5, 2, 2, 0), (0, 0, 0, 0); 19291 // 604800
4, 5, (6, 3, 3, 2, 0), (0, 0, 0, 0); 115541 // 3317760
4, 5, (5, 4, 3, 2, 0), (0, 0, 0, 0); 104203 // 2073600
4, 5, (4, 4, 4, 2, 0), (0, 0, 0, 0); 2827 // 46080
4, 5, (5, 3, 3, 3, 0), (0, 0, 0, 0); 107591 // 1658880
4, 5, (4, 4, 3, 3, 0), (0, 0, 0, 0); 328621 // 4147200
4, 5, (10, 1, 1, 1, 1), (0, 0, 0, 0); 35 // 55296
4, 5, (9, 2, 1, 1, 1), (0, 0, 0, 0); 149 // 55296
4, 5, (8, 3, 1, 1, 1), (0, 0, 0, 0); 947 // 129024
4, 5, (7, 4, 1, 1, 1), (0, 0, 0, 0); 1781 // 129024
4, 5, (6, 5, 1, 1, 1), (0, 0, 0, 0); 2435 // 129024
4, 5, (8, 2, 2, 1, 1), (0, 0, 0, 0); 53 // 5120
4, 5, (7, 3, 2, 1, 1), (0, 0, 0, 0); 16243 // 645120
4, 5, (6, 4, 2, 1, 1), (0, 0, 0, 0); 5405 // 129024
4, 5, (5, 5, 2, 1, 1), (0, 0, 0, 0); 533 // 10752
4, 5, (6, 3, 3, 1, 1), (0, 0, 0, 0); 1997 // 36864
4, 5, (5, 4, 3, 1, 1), (0, 0, 0, 0); 719 // 9216
4, 5, (4, 4, 4, 1, 1), (0, 0, 0, 0); 875 // 9216
4, 5, (7, 2, 2, 2, 1), (0, 0, 0, 0); 4907 // 138240
4, 5, (6, 3, 2, 2, 1), (0, 0, 0, 0); 7897 // 103680
4, 5, (5, 4, 2, 2, 1), (0, 0, 0, 0); 7597 // 69120
4, 5, (5, 3, 3, 2, 1), (0, 0, 0, 0); 1837 // 12960
4, 5, (4, 4, 3, 2, 1), (0, 0, 0, 0); 177 // 1024
4, 5, (4, 3, 3, 3, 1), (0, 0, 0, 0); 185251 // 829440
4, 5, (6, 2, 2, 2, 2), (0, 0, 0, 0); 2471 // 23040
4, 5, (5, 3, 2, 2, 2), (0, 0, 0, 0); 13783 // 69120
4, 5, (4, 4, 2, 2, 2), (0, 0, 0, 0); 5609 // 23040
4, 5, (4, 3, 3, 2, 2), (0, 0, 0, 0); 26017 // 82944
4, 5, (3, 3, 3, 3, 2), (0, 0, 0, 0); 134233 // 331776
