2, 10, (0, 0, 0, 0, 0, 0, 0, 0, 0, 0), (1, 6); 0 // 1
2, 10, (0, 0, 0, 0, 0, 0, 0, 0, 0, 0), (3, 5); 0 // 1
2, 10, (0, 0, 0, 0, 0, 0, 0, 0, 0, 0), (5, 4); 0 // 1
2, 10, (0, 0, 0, 0, 0, 0, 0, 0, 0, 0), (7, 3); 0 // 1
2, 10, (0, 0, 0, 0, 0, 0, 0, 0, 0, 0), (9, 2); 0 // 1
2, 10, (0, 0, 0, 0, 0, 0, 0, 0, 0, 0), (11, 1); 0 // 1
2, 10, (0, 0, 0, 0, 0, 0, 0, 0, 0, 0), (13, 0); 0 // 1
2, 10, (1, 0, 0, 0, 0, 0, 0, 0, 0, 0), (0, 6); 0 // 1
2, 10, (1, 0, 0, 0, 0, 0, 0, 0, 0, 0), (2, 5); 0 // 1
2, 10, (1, 0, 0, 0, 0, 0, 0, 0, 0, 0), (4, 4); 0 // 1
2, 10, (1, 0, 0, 0, 0, 0, 0, 0, 0, 0), (6, 3); 0 // 1
2, 10, (1, 0, 0, 0, 0, 0, 0, 0, 0, 0), (8, 2); 0 // 1
2, 10, (1, 0, 0, 0, 0, 0, 0, 0, 0, 0), (10, 1); 0 // 1
2, 10, (1, 0, 0, 0, 0, 0, 0, 0, 0, 0), (12, 0); 0 // 1
2, 10, (2, 0, 0, 0, 0, 0, 0, 0, 0, 0), (1, 5); 0 // 1
2, 10, (2, 0, 0, 0, 0, 0, 0, 0, 0, 0), (3, 4); 0 // 1
2, 10, (2, 0, 0, 0, 0, 0, 0, 0, 0, 0), (5, 3); 0 // 1
2, 10, (2, 0, 0, 0, 0, 0, 0, 0, 0, 0), (7, 2); 0 // 1
2, 10, (2, 0, 0, 0, 0, 0, 0, 0, 0, 0), (9, 1); 0 // 1
2, 10, (2, 0, 0, 0, 0, 0, 0, 0, 0, 0), (11, 0); 0 // 1
2, 10, (1, 1, 0, 0, 0, 0, 0, 0, 0, 0), (1, 5); 0 // 1
2, 10, (1, 1, 0, 0, 0, 0, 0, 0, 0, 0), (3, 4); 0 // 1
2, 10, (1, 1, 0, 0, 0, 0, 0, 0, 0, 0), (5, 3); 0 // 1
2, 10, (1, 1, 0, 0, 0, 0, 0, 0, 0, 0), (7, 2); 0 // 1
2, 10, (1, 1, 0, 0, 0, 0, 0, 0, 0, 0), (9, 1); 0 // 1
2, 10, (1, 1, 0, 0, 0, 0, 0, 0, 0, 0), (11, 0); 0 // 1
2, 10, (3, 0, 0, 0, 0, 0, 0, 0, 0, 0), (0, 5); 0 // 1
2, 10, (3, 0, 0, 0, 0, 0, 0, 0, 0, 0), (2, 4); 0 // 1
2, 10, (3, 0, 0, 0, 0, 0, 0, 0, 0, 0), (4, 3); 0 // 1
2, 10, (3, 0, 0, 0, 0, 0, 0, 0, 0, 0), (6, 2); 0 // 1
2, 10, (3, 0, 0, 0, 0, 0, 0, 0, 0, 0), (8, 1); 0 // 1
2, 10, (3, 0, 0, 0, 0, 0, 0, 0, 0, 0), (10, 0); 0 // 1
2, 10, (2, 1, 0, 0, 0, 0, 0, 0, 0, 0), (0, 5); 0 // 1
2, 10, (2, 1, 0, 0, 0, 0, 0, 0, 0, 0), (2, 4); 0 // 1
2, 10, (2, 1, 0, 0, 0, 0, 0, 0, 0, 0), (4, 3); 0 // 1
2, 10, (2, 1, 0, 0, 0, 0, 0, 0, 0, 0), (6, 2); 0 // 1
2, 10, (2, 1, 0, 0, 0, 0, 0, 0, 0, 0), (8, 1); 0 // 1
2, 10, (2, 1, 0, 0, 0, 0, 0, 0, 0, 0), (10, 0); 0 // 1
2, 10, (1, 1, 1, 0, 0, 0, 0, 0, 0, 0), (0, 5); 0 // 1
2, 10, (1, 1, 1, 0, 0, 0, 0, 0, 0, 0), (2, 4); 0 // 1
2, 10, (1, 1, 1, 0, 0, 0, 0, 0, 0, 0), (4, 3); 0 // 1
2, 10, (1, 1, 1, 0, 0, 0, 0, 0, 0, 0), (6, 2); 0 // 1
2, 10, (1, 1, 1, 0, 0, 0, 0, 0, 0, 0), (8, 1); 0 // 1
2, 10, (1, 1, 1, 0, 0, 0, 0, 0, 0, 0), (10, 0); 0 // 1
2, 10, (4, 0, 0, 0, 0, 0, 0, 0, 0, 0), (1, 4); 0 // 1
2, 10, (4, 0, 0, 0, 0, 0, 0, 0, 0, 0), (3, 3); 0 // 1
2, 10, (4, 0, 0, 0, 0, 0, 0, 0, 0, 0), (5, 2); 0 // 1
2, 10, (4, 0, 0, 0, 0, 0, 0, 0, 0, 0), (7, 1); 0 // 1
2, 10, (4, 0, 0, 0, 0, 0, 0, 0, 0, 0), (9, 0); 0 // 1
2, 10, (3, 1, 0, 0, 0, 0, 0, 0, 0, 0), (1, 4); 0 // 1
2, 10, (3, 1, 0, 0, 0, 0, 0, 0, 0, 0), (3, 3); 0 // 1
2, 10, (3, 1, 0, 0, 0, 0, 0, 0, 0, 0), (5, 2); 0 // 1
2, 10, (3, 1, 0, 0, 0, 0, 0, 0, 0, 0), (7, 1); 0 // 1
2, 10, (3, 1, 0, 0, 0, 0, 0, 0, 0, 0), (9, 0); 0 // 1
2, 10, (2, 2, 0, 0, 0, 0, 0, 0, 0, 0), (1, 4); 0 // 1
2, 10, (2, 2, 0, 0, 0, 0, 0, 0, 0, 0), (3, 3); 0 // 1
2, 10, (2, 2, 0, 0, 0, 0, 0, 0, 0, 0), (5, 2); 0 // 1
2, 10, (2, 2, 0, 0, 0, 0, 0, 0, 0, 0), (7, 1); 0 // 1
2, 10, (2, 2, 0, 0, 0, 0, 0, 0, 0, 0), (9, 0); 0 // 1
2, 10, (2, 1, 1, 0, 0, 0, 0, 0, 0, 0), (1, 4); 0 // 1
2, 10, (2, 1, 1, 0, 0, 0, 0, 0, 0, 0), (3, 3); 0 // 1
2, 10, (2, 1, 1, 0, 0, 0, 0, 0, 0, 0), (5, 2); 0 // 1
2, 10, (2, 1, 1, 0, 0, 0, 0, 0, 0, 0), (7, 1); 0 // 1
2, 10, (2, 1, 1, 0, 0, 0, 0, 0, 0, 0), (9, 0); 0 // 1
2, 10, (1, 1, 1, 1, 0, 0, 0, 0, 0, 0), (1, 4); 0 // 1
2, 10, (1, 1, 1, 1, 0, 0, 0, 0, 0, 0), (3, 3); 0 // 1
2, 10, (1, 1, 1, 1, 0, 0, 0, 0, 0, 0), (5, 2); 0 // 1
2, 10, (1, 1, 1, 1, 0, 0, 0, 0, 0, 0), (7, 1); 0 // 1
2, 10, (1, 1, 1, 1, 0, 0, 0, 0, 0, 0), (9, 0); 0 // 1
2, 10, (5, 0, 0, 0, 0, 0, 0, 0, 0, 0), (0, 4); 0 // 1
2, 10, (5, 0, 0, 0, 0, 0, 0, 0, 0, 0), (2, 3); 0 // 1
2, 10, (5, 0, 0, 0, 0, 0, 0, 0, 0, 0), (4, 2); 0 // 1
2, 10, (5, 0, 0, 0, 0, 0, 0, 0, 0, 0), (6, 1); 0 // 1
2, 10, (5, 0, 0, 0, 0, 0, 0, 0, 0, 0), (8, 0); 0 // 1
2, 10, (4, 1, 0, 0, 0, 0, 0, 0, 0, 0), (0, 4); 0 // 1
2, 10, (4, 1, 0, 0, 0, 0, 0, 0, 0, 0), (2, 3); 0 // 1
2, 10, (4, 1, 0, 0, 0, 0, 0, 0, 0, 0), (4, 2); 0 // 1
2, 10, (4, 1, 0, 0, 0, 0, 0, 0, 0, 0), (6, 1); 0 // 1
2, 10, (4, 1, 0, 0, 0, 0, 0, 0, 0, 0), (8, 0); 0 // 1
2, 10, (3, 2, 0, 0, 0, 0, 0, 0, 0, 0), (0, 4); 0 // 1
2, 10, (3, 2, 0, 0, 0, 0, 0, 0, 0, 0), (2, 3); 0 // 1
2, 10, (3, 2, 0, 0, 0, 0, 0, 0, 0, 0), (4, 2); 0 // 1
2, 10, (3, 2, 0, 0, 0, 0, 0, 0, 0, 0), (6, 1); 0 // 1
2, 10, (3, 2, 0, 0, 0, 0, 0, 0, 0, 0), (8, 0); 0 // 1
2, 10, (3, 1, 1, 0, 0, 0, 0, 0, 0, 0), (0, 4); 0 // 1
2, 10, (3, 1, 1, 0, 0, 0, 0, 0, 0, 0), (2, 3); 0 // 1
2, 10, (3, 1, 1, 0, 0, 0, 0, 0, 0, 0), (4, 2); 0 // 1
2, 10, (3, 1, 1, 0, 0, 0, 0, 0, 0, 0), (6, 1); 0 // 1
2, 10, (3, 1, 1, 0, 0, 0, 0, 0, 0, 0), (8, 0); 0 // 1
2, 10, (2, 2, 1, 0, 0, 0, 0, 0, 0, 0), (0, 4); 0 // 1
2, 10, (2, 2, 1, 0, 0, 0, 0, 0, 0, 0), (2, 3); 0 // 1
2, 10, (2, 2, 1, 0, 0, 0, 0, 0, 0, 0), (4, 2); 0 // 1
2, 10, (2, 2, 1, 0, 0, 0, 0, 0, 0, 0), (6, 1); 0 // 1
2, 10, (2, 2, 1, 0, 0, 0, 0, 0, 0, 0), (8, 0); 0 // 1
2, 10, (2, 1, 1, 1, 0, 0, 0, 0, 0, 0), (0, 4); 0 // 1
2, 10, (2, 1, 1, 1, 0, 0, 0, 0, 0, 0), (2, 3); 0 // 1
2, 10, (2, 1, 1, 1, 0, 0, 0, 0, 0, 0), (4, 2); 0 // 1
2, 10, (2, 1, 1, 1, 0, 0, 0, 0, 0, 0), (6, 1); 0 // 1
2, 10, (2, 1, 1, 1, 0, 0, 0, 0, 0, 0), (8, 0); 0 // 1
2, 10, (1, 1, 1, 1, 1, 0, 0, 0, 0, 0), (0, 4); 0 // 1
2, 10, (1, 1, 1, 1, 1, 0, 0, 0, 0, 0), (2, 3); 0 // 1
2, 10, (1, 1, 1, 1, 1, 0, 0, 0, 0, 0), (4, 2); 0 // 1
2, 10, (1, 1, 1, 1, 1, 0, 0, 0, 0, 0), (6, 1); 0 // 1
2, 10, (1, 1, 1, 1, 1, 0, 0, 0, 0, 0), (8, 0); 0 // 1
2, 10, (6, 0, 0, 0, 0, 0, 0, 0, 0, 0), (1, 3); 0 // 1
2, 10, (6, 0, 0, 0, 0, 0, 0, 0, 0, 0), (3, 2); 0 // 1
2, 10, (6, 0, 0, 0, 0, 0, 0, 0, 0, 0), (5, 1); 0 // 1
2, 10, (6, 0, 0, 0, 0, 0, 0, 0, 0, 0), (7, 0); 0 // 1
2, 10, (5, 1, 0, 0, 0, 0, 0, 0, 0, 0), (1, 3); 0 // 1
2, 10, (5, 1, 0, 0, 0, 0, 0, 0, 0, 0), (3, 2); 0 // 1
2, 10, (5, 1, 0, 0, 0, 0, 0, 0, 0, 0), (5, 1); 0 // 1
2, 10, (5, 1, 0, 0, 0, 0, 0, 0, 0, 0), (7, 0); 0 // 1
2, 10, (4, 2, 0, 0, 0, 0, 0, 0, 0, 0), (1, 3); 0 // 1
2, 10, (4, 2, 0, 0, 0, 0, 0, 0, 0, 0), (3, 2); 0 // 1
2, 10, (4, 2, 0, 0, 0, 0, 0, 0, 0, 0), (5, 1); 0 // 1
2, 10, (4, 2, 0, 0, 0, 0, 0, 0, 0, 0), (7, 0); 0 // 1
2, 10, (3, 3, 0, 0, 0, 0, 0, 0, 0, 0), (1, 3); 0 // 1
2, 10, (3, 3, 0, 0, 0, 0, 0, 0, 0, 0), (3, 2); 0 // 1
2, 10, (3, 3, 0, 0, 0, 0, 0, 0, 0, 0), (5, 1); 0 // 1
2, 10, (3, 3, 0, 0, 0, 0, 0, 0, 0, 0), (7, 0); 0 // 1
2, 10, (4, 1, 1, 0, 0, 0, 0, 0, 0, 0), (1, 3); 0 // 1
2, 10, (4, 1, 1, 0, 0, 0, 0, 0, 0, 0), (3, 2); 0 // 1
2, 10, (4, 1, 1, 0, 0, 0, 0, 0, 0, 0), (5, 1); 0 // 1
2, 10, (4, 1, 1, 0, 0, 0, 0, 0, 0, 0), (7, 0); 0 // 1
2, 10, (3, 2, 1, 0, 0, 0, 0, 0, 0, 0), (1, 3); 0 // 1
2, 10, (3, 2, 1, 0, 0, 0, 0, 0, 0, 0), (3, 2); 0 // 1
2, 10, (3, 2, 1, 0, 0, 0, 0, 0, 0, 0), (5, 1); 0 // 1
2, 10, (3, 2, 1, 0, 0, 0, 0, 0, 0, 0), (7, 0); 0 // 1
2, 10, (2, 2, 2, 0, 0, 0, 0, 0, 0, 0), (1, 3); 0 // 1
2, 10, (2, 2, 2, 0, 0, 0, 0, 0, 0, 0), (3, 2); 0 // 1
2, 10, (2, 2, 2, 0, 0, 0, 0, 0, 0, 0), (5, 1); 0 // 1
2, 10, (2, 2, 2, 0, 0, 0, 0, 0, 0, 0), (7, 0); 0 // 1
2, 10, (3, 1, 1, 1, 0, 0, 0, 0, 0, 0), (1, 3); 0 // 1
2, 10, (3, 1, 1, 1, 0, 0, 0, 0, 0, 0), (3, 2); 0 // 1
2, 10, (3, 1, 1, 1, 0, 0, 0, 0, 0, 0), (5, 1); 0 // 1
2, 10, (3, 1, 1, 1, 0, 0, 0, 0, 0, 0), (7, 0); 0 // 1
2, 10, (2, 2, 1, 1, 0, 0, 0, 0, 0, 0), (1, 3); 0 // 1
2, 10, (2, 2, 1, 1, 0, 0, 0, 0, 0, 0), (3, 2); 0 // 1
2, 10, (2, 2, 1, 1, 0, 0, 0, 0, 0, 0), (5, 1); 0 // 1
2, 10, (2, 2, 1, 1, 0, 0, 0, 0, 0, 0), (7, 0); 0 // 1
2, 10, (2, 1, 1, 1, 1, 0, 0, 0, 0, 0), (1, 3); 0 // 1
2, 10, (2, 1, 1, 1, 1, 0, 0, 0, 0, 0), (3, 2); 0 // 1
2, 10, (2, 1, 1, 1, 1, 0, 0, 0, 0, 0), (5, 1); 0 // 1
2, 10, (2, 1, 1, 1, 1, 0, 0, 0, 0, 0), (7, 0); 0 // 1
2, 10, (1, 1, 1, 1, 1, 1, 0, 0, 0, 0), (1, 3); 0 // 1
2, 10, (1, 1, 1, 1, 1, 1, 0, 0, 0, 0), (3, 2); 0 // 1
2, 10, (1, 1, 1, 1, 1, 1, 0, 0, 0, 0), (5, 1); 0 // 1
2, 10, (1, 1, 1, 1, 1, 1, 0, 0, 0, 0), (7, 0); 0 // 1
2, 10, (7, 0, 0, 0, 0, 0, 0, 0, 0, 0), (0, 3); 0 // 1
2, 10, (7, 0, 0, 0, 0, 0, 0, 0, 0, 0), (2, 2); 0 // 1
2, 10, (7, 0, 0, 0, 0, 0, 0, 0, 0, 0), (4, 1); 0 // 1
2, 10, (7, 0, 0, 0, 0, 0, 0, 0, 0, 0), (6, 0); 0 // 1
2, 10, (6, 1, 0, 0, 0, 0, 0, 0, 0, 0), (0, 3); 0 // 1
2, 10, (6, 1, 0, 0, 0, 0, 0, 0, 0, 0), (2, 2); 0 // 1
2, 10, (6, 1, 0, 0, 0, 0, 0, 0, 0, 0), (4, 1); 0 // 1
2, 10, (6, 1, 0, 0, 0, 0, 0, 0, 0, 0), (6, 0); 0 // 1
2, 10, (5, 2, 0, 0, 0, 0, 0, 0, 0, 0), (0, 3); 0 // 1
2, 10, (5, 2, 0, 0, 0, 0, 0, 0, 0, 0), (2, 2); 0 // 1
2, 10, (5, 2, 0, 0, 0, 0, 0, 0, 0, 0), (4, 1); 0 // 1
2, 10, (5, 2, 0, 0, 0, 0, 0, 0, 0, 0), (6, 0); 0 // 1
2, 10, (4, 3, 0, 0, 0, 0, 0, 0, 0, 0), (0, 3); 0 // 1
2, 10, (4, 3, 0, 0, 0, 0, 0, 0, 0, 0), (2, 2); 0 // 1
2, 10, (4, 3, 0, 0, 0, 0, 0, 0, 0, 0), (4, 1); 0 // 1
2, 10, (4, 3, 0, 0, 0, 0, 0, 0, 0, 0), (6, 0); 0 // 1
2, 10, (5, 1, 1, 0, 0, 0, 0, 0, 0, 0), (0, 3); 0 // 1
2, 10, (5, 1, 1, 0, 0, 0, 0, 0, 0, 0), (2, 2); 0 // 1
2, 10, (5, 1, 1, 0, 0, 0, 0, 0, 0, 0), (4, 1); 0 // 1
2, 10, (5, 1, 1, 0, 0, 0, 0, 0, 0, 0), (6, 0); 0 // 1
2, 10, (4, 2, 1, 0, 0, 0, 0, 0, 0, 0), (0, 3); 0 // 1
2, 10, (4, 2, 1, 0, 0, 0, 0, 0, 0, 0), (2, 2); 0 // 1
2, 10, (4, 2, 1, 0, 0, 0, 0, 0, 0, 0), (4, 1); 0 // 1
2, 10, (4, 2, 1, 0, 0, 0, 0, 0, 0, 0), (6, 0); 0 // 1
2, 10, (3, 3, 1, 0, 0, 0, 0, 0, 0, 0), (0, 3); 0 // 1
2, 10, (3, 3, 1, 0, 0, 0, 0, 0, 0, 0), (2, 2); 0 // 1
2, 10, (3, 3, 1, 0, 0, 0, 0, 0, 0, 0), (4, 1); 0 // 1
2, 10, (3, 3, 1, 0, 0, 0, 0, 0, 0, 0), (6, 0); 0 // 1
2, 10, (3, 2, 2, 0, 0, 0, 0, 0, 0, 0), (0, 3); 0 // 1
2, 10, (3, 2, 2, 0, 0, 0, 0, 0, 0, 0), (2, 2); 0 // 1
2, 10, (3, 2, 2, 0, 0, 0, 0, 0, 0, 0), (4, 1); 0 // 1
2, 10, (3, 2, 2, 0, 0, 0, 0, 0, 0, 0), (6, 0); 0 // 1
2, 10, (4, 1, 1, 1, 0, 0, 0, 0, 0, 0), (0, 3); 0 // 1
2, 10, (4, 1, 1, 1, 0, 0, 0, 0, 0, 0), (2, 2); 0 // 1
2, 10, (4, 1, 1, 1, 0, 0, 0, 0, 0, 0), (4, 1); 0 // 1
2, 10, (4, 1, 1, 1, 0, 0, 0, 0, 0, 0), (6, 0); 0 // 1
2, 10, (3, 2, 1, 1, 0, 0, 0, 0, 0, 0), (0, 3); 0 // 1
2, 10, (3, 2, 1, 1, 0, 0, 0, 0, 0, 0), (2, 2); 0 // 1
2, 10, (3, 2, 1, 1, 0, 0, 0, 0, 0, 0), (4, 1); 0 // 1
2, 10, (3, 2, 1, 1, 0, 0, 0, 0, 0, 0), (6, 0); 0 // 1
2, 10, (2, 2, 2, 1, 0, 0, 0, 0, 0, 0), (0, 3); 0 // 1
2, 10, (2, 2, 2, 1, 0, 0, 0, 0, 0, 0), (2, 2); 0 // 1
2, 10, (2, 2, 2, 1, 0, 0, 0, 0, 0, 0), (4, 1); 0 // 1
2, 10, (2, 2, 2, 1, 0, 0, 0, 0, 0, 0), (6, 0); 0 // 1
2, 10, (3, 1, 1, 1, 1, 0, 0, 0, 0, 0), (0, 3); 0 // 1
2, 10, (3, 1, 1, 1, 1, 0, 0, 0, 0, 0), (2, 2); 0 // 1
2, 10, (3, 1, 1, 1, 1, 0, 0, 0, 0, 0), (4, 1); 0 // 1
2, 10, (3, 1, 1, 1, 1, 0, 0, 0, 0, 0), (6, 0); 0 // 1
2, 10, (2, 2, 1, 1, 1, 0, 0, 0, 0, 0), (0, 3); 0 // 1
2, 10, (2, 2, 1, 1, 1, 0, 0, 0, 0, 0), (2, 2); 0 // 1
2, 10, (2, 2, 1, 1, 1, 0, 0, 0, 0, 0), (4, 1); 0 // 1
2, 10, (2, 2, 1, 1, 1, 0, 0, 0, 0, 0), (6, 0); 0 // 1
2, 10, (2, 1, 1, 1, 1, 1, 0, 0, 0, 0), (0, 3); 0 // 1
2, 10, (2, 1, 1, 1, 1, 1, 0, 0, 0, 0), (2, 2); 0 // 1
2, 10, (2, 1, 1, 1, 1, 1, 0, 0, 0, 0), (4, 1); 0 // 1
2, 10, (2, 1, 1, 1, 1, 1, 0, 0, 0, 0), (6, 0); 0 // 1
2, 10, (1, 1, 1, 1, 1, 1, 1, 0, 0, 0), (0, 3); 0 // 1
2, 10, (1, 1, 1, 1, 1, 1, 1, 0, 0, 0), (2, 2); 0 // 1
2, 10, (1, 1, 1, 1, 1, 1, 1, 0, 0, 0), (4, 1); 0 // 1
2, 10, (1, 1, 1, 1, 1, 1, 1, 0, 0, 0), (6, 0); 0 // 1
2, 10, (8, 0, 0, 0, 0, 0, 0, 0, 0, 0), (1, 2); 0 // 1
2, 10, (8, 0, 0, 0, 0, 0, 0, 0, 0, 0), (3, 1); 0 // 1
2, 10, (8, 0, 0, 0, 0, 0, 0, 0, 0, 0), (5, 0); 0 // 1
2, 10, (7, 1, 0, 0, 0, 0, 0, 0, 0, 0), (1, 2); 0 // 1
2, 10, (7, 1, 0, 0, 0, 0, 0, 0, 0, 0), (3, 1); 0 // 1
2, 10, (7, 1, 0, 0, 0, 0, 0, 0, 0, 0), (5, 0); 0 // 1
2, 10, (6, 2, 0, 0, 0, 0, 0, 0, 0, 0), (1, 2); 0 // 1
2, 10, (6, 2, 0, 0, 0, 0, 0, 0, 0, 0), (3, 1); 0 // 1
2, 10, (6, 2, 0, 0, 0, 0, 0, 0, 0, 0), (5, 0); 0 // 1
2, 10, (5, 3, 0, 0, 0, 0, 0, 0, 0, 0), (1, 2); 0 // 1
2, 10, (5, 3, 0, 0, 0, 0, 0, 0, 0, 0), (3, 1); 0 // 1
2, 10, (5, 3, 0, 0, 0, 0, 0, 0, 0, 0), (5, 0); 0 // 1
2, 10, (4, 4, 0, 0, 0, 0, 0, 0, 0, 0), (1, 2); 0 // 1
2, 10, (4, 4, 0, 0, 0, 0, 0, 0, 0, 0), (3, 1); 0 // 1
2, 10, (4, 4, 0, 0, 0, 0, 0, 0, 0, 0), (5, 0); 0 // 1
2, 10, (6, 1, 1, 0, 0, 0, 0, 0, 0, 0), (1, 2); 0 // 1
2, 10, (6, 1, 1, 0, 0, 0, 0, 0, 0, 0), (3, 1); 0 // 1
2, 10, (6, 1, 1, 0, 0, 0, 0, 0, 0, 0), (5, 0); 0 // 1
2, 10, (5, 2, 1, 0, 0, 0, 0, 0, 0, 0), (1, 2); 0 // 1
2, 10, (5, 2, 1, 0, 0, 0, 0, 0, 0, 0), (3, 1); 0 // 1
2, 10, (5, 2, 1, 0, 0, 0, 0, 0, 0, 0), (5, 0); 0 // 1
2, 10, (4, 3, 1, 0, 0, 0, 0, 0, 0, 0), (1, 2); 0 // 1
2, 10, (4, 3, 1, 0, 0, 0, 0, 0, 0, 0), (3, 1); 0 // 1
2, 10, (4, 3, 1, 0, 0, 0, 0, 0, 0, 0), (5, 0); 0 // 1
2, 10, (4, 2, 2, 0, 0, 0, 0, 0, 0, 0), (1, 2); 0 // 1
2, 10, (4, 2, 2, 0, 0, 0, 0, 0, 0, 0), (3, 1); 0 // 1
2, 10, (4, 2, 2, 0, 0, 0, 0, 0, 0, 0), (5, 0); 0 // 1
2, 10, (3, 3, 2, 0, 0, 0, 0, 0, 0, 0), (1, 2); 0 // 1
2, 10, (3, 3, 2, 0, 0, 0, 0, 0, 0, 0), (3, 1); 0 // 1
2, 10, (3, 3, 2, 0, 0, 0, 0, 0, 0, 0), (5, 0); 0 // 1
2, 10, (5, 1, 1, 1, 0, 0, 0, 0, 0, 0), (1, 2); 0 // 1
2, 10, (5, 1, 1, 1, 0, 0, 0, 0, 0, 0), (3, 1); 0 // 1
2, 10, (5, 1, 1, 1, 0, 0, 0, 0, 0, 0), (5, 0); 0 // 1
2, 10, (4, 2, 1, 1, 0, 0, 0, 0, 0, 0), (1, 2); 0 // 1
2, 10, (4, 2, 1, 1, 0, 0, 0, 0, 0, 0), (3, 1); 0 // 1
2, 10, (4, 2, 1, 1, 0, 0, 0, 0, 0, 0), (5, 0); 0 // 1
2, 10, (3, 3, 1, 1, 0, 0, 0, 0, 0, 0), (1, 2); 0 // 1
2, 10, (3, 3, 1, 1, 0, 0, 0, 0, 0, 0), (3, 1); 0 // 1
2, 10, (3, 3, 1, 1, 0, 0, 0, 0, 0, 0), (5, 0); 0 // 1
2, 10, (3, 2, 2, 1, 0, 0, 0, 0, 0, 0), (1, 2); 0 // 1
2, 10, (3, 2, 2, 1, 0, 0, 0, 0, 0, 0), (3, 1); 0 // 1
2, 10, (3, 2, 2, 1, 0, 0, 0, 0, 0, 0), (5, 0); 0 // 1
2, 10, (2, 2, 2, 2, 0, 0, 0, 0, 0, 0), (1, 2); 0 // 1
2, 10, (2, 2, 2, 2, 0, 0, 0, 0, 0, 0), (3, 1); 0 // 1
2, 10, (2, 2, 2, 2, 0, 0, 0, 0, 0, 0), (5, 0); 0 // 1
2, 10, (4, 1, 1, 1, 1, 0, 0, 0, 0, 0), (1, 2); 0 // 1
2, 10, (4, 1, 1, 1, 1, 0, 0, 0, 0, 0), (3, 1); 0 // 1
2, 10, (4, 1, 1, 1, 1, 0, 0, 0, 0, 0), (5, 0); 0 // 1
2, 10, (3, 2, 1, 1, 1, 0, 0, 0, 0, 0), (1, 2); 0 // 1
2, 10, (3, 2, 1, 1, 1, 0, 0, 0, 0, 0), (3, 1); 0 // 1
2, 10, (3, 2, 1, 1, 1, 0, 0, 0, 0, 0), (5, 0); 0 // 1
2, 10, (2, 2, 2, 1, 1, 0, 0, 0, 0, 0), (1, 2); 0 // 1
2, 10, (2, 2, 2, 1, 1, 0, 0, 0, 0, 0), (3, 1); 0 // 1
2, 10, (2, 2, 2, 1, 1, 0, 0, 0, 0, 0), (5, 0); 0 // 1
2, 10, (3, 1, 1, 1, 1, 1, 0, 0, 0, 0), (1, 2); 0 // 1
2, 10, (3, 1, 1, 1, 1, 1, 0, 0, 0, 0), (3, 1); 0 // 1
2, 10, (3, 1, 1, 1, 1, 1, 0, 0, 0, 0), (5, 0); 0 // 1
2, 10, (2, 2, 1, 1, 1, 1, 0, 0, 0, 0), (1, 2); 0 // 1
2, 10, (2, 2, 1, 1, 1, 1, 0, 0, 0, 0), (3, 1); 0 // 1
2, 10, (2, 2, 1, 1, 1, 1, 0, 0, 0, 0), (5, 0); 0 // 1
2, 10, (2, 1, 1, 1, 1, 1, 1, 0, 0, 0), (1, 2); 0 // 1
2, 10, (2, 1, 1, 1, 1, 1, 1, 0, 0, 0), (3, 1); 0 // 1
2, 10, (2, 1, 1, 1, 1, 1, 1, 0, 0, 0), (5, 0); 0 // 1
2, 10, (1, 1, 1, 1, 1, 1, 1, 1, 0, 0), (1, 2); 0 // 1
2, 10, (1, 1, 1, 1, 1, 1, 1, 1, 0, 0), (3, 1); 0 // 1
2, 10, (1, 1, 1, 1, 1, 1, 1, 1, 0, 0), (5, 0); 0 // 1
2, 10, (9, 0, 0, 0, 0, 0, 0, 0, 0, 0), (0, 2); 0 // 1
2, 10, (9, 0, 0, 0, 0, 0, 0, 0, 0, 0), (2, 1); 0 // 1
2, 10, (9, 0, 0, 0, 0, 0, 0, 0, 0, 0), (4, 0); 0 // 1
2, 10, (8, 1, 0, 0, 0, 0, 0, 0, 0, 0), (0, 2); 0 // 1
2, 10, (8, 1, 0, 0, 0, 0, 0, 0, 0, 0), (2, 1); 0 // 1
2, 10, (8, 1, 0, 0, 0, 0, 0, 0, 0, 0), (4, 0); 0 // 1
2, 10, (7, 2, 0, 0, 0, 0, 0, 0, 0, 0), (0, 2); 0 // 1
2, 10, (7, 2, 0, 0, 0, 0, 0, 0, 0, 0), (2, 1); 0 // 1
2, 10, (7, 2, 0, 0, 0, 0, 0, 0, 0, 0), (4, 0); 0 // 1
2, 10, (6, 3, 0, 0, 0, 0, 0, 0, 0, 0), (0, 2); 0 // 1
2, 10, (6, 3, 0, 0, 0, 0, 0, 0, 0, 0), (2, 1); 0 // 1
2, 10, (6, 3, 0, 0, 0, 0, 0, 0, 0, 0), (4, 0); 0 // 1
2, 10, (5, 4, 0, 0, 0, 0, 0, 0, 0, 0), (0, 2); 0 // 1
2, 10, (5, 4, 0, 0, 0, 0, 0, 0, 0, 0), (2, 1); 0 // 1
2, 10, (5, 4, 0, 0, 0, 0, 0, 0, 0, 0), (4, 0); 0 // 1
2, 10, (7, 1, 1, 0, 0, 0, 0, 0, 0, 0), (0, 2); 0 // 1
2, 10, (7, 1, 1, 0, 0, 0, 0, 0, 0, 0), (2, 1); 0 // 1
2, 10, (7, 1, 1, 0, 0, 0, 0, 0, 0, 0), (4, 0); 0 // 1
2, 10, (6, 2, 1, 0, 0, 0, 0, 0, 0, 0), (0, 2); 0 // 1
2, 10, (6, 2, 1, 0, 0, 0, 0, 0, 0, 0), (2, 1); 0 // 1
2, 10, (6, 2, 1, 0, 0, 0, 0, 0, 0, 0), (4, 0); 0 // 1
2, 10, (5, 3, 1, 0, 0, 0, 0, 0, 0, 0), (0, 2); 0 // 1
2, 10, (5, 3, 1, 0, 0, 0, 0, 0, 0, 0), (2, 1); 0 // 1
2, 10, (5, 3, 1, 0, 0, 0, 0, 0, 0, 0), (4, 0); 0 // 1
2, 10, (4, 4, 1, 0, 0, 0, 0, 0, 0, 0), (0, 2); 0 // 1
2, 10, (4, 4, 1, 0, 0, 0, 0, 0, 0, 0), (2, 1); 0 // 1
2, 10, (4, 4, 1, 0, 0, 0, 0, 0, 0, 0), (4, 0); 0 // 1
2, 10, (5, 2, 2, 0, 0, 0, 0, 0, 0, 0), (0, 2); 0 // 1
2, 10, (5, 2, 2, 0, 0, 0, 0, 0, 0, 0), (2, 1); 0 // 1
2, 10, (5, 2, 2, 0, 0, 0, 0, 0, 0, 0), (4, 0); 0 // 1
2, 10, (4, 3, 2, 0, 0, 0, 0, 0, 0, 0), (0, 2); 0 // 1
2, 10, (4, 3, 2, 0, 0, 0, 0, 0, 0, 0), (2, 1); 0 // 1
2, 10, (4, 3, 2, 0, 0, 0, 0, 0, 0, 0), (4, 0); 0 // 1
2, 10, (3, 3, 3, 0, 0, 0, 0, 0, 0, 0), (0, 2); 0 // 1
2, 10, (3, 3, 3, 0, 0, 0, 0, 0, 0, 0), (2, 1); 0 // 1
2, 10, (3, 3, 3, 0, 0, 0, 0, 0, 0, 0), (4, 0); 0 // 1
2, 10, (6, 1, 1, 1, 0, 0, 0, 0, 0, 0), (0, 2); 0 // 1
2, 10, (6, 1, 1, 1, 0, 0, 0, 0, 0, 0), (2, 1); 0 // 1
2, 10, (6, 1, 1, 1, 0, 0, 0, 0, 0, 0), (4, 0); 0 // 1
2, 10, (5, 2, 1, 1, 0, 0, 0, 0, 0, 0), (0, 2); 0 // 1
2, 10, (5, 2, 1, 1, 0, 0, 0, 0, 0, 0), (2, 1); 0 // 1
2, 10, (5, 2, 1, 1, 0, 0, 0, 0, 0, 0), (4, 0); 0 // 1
2, 10, (4, 3, 1, 1, 0, 0, 0, 0, 0, 0), (0, 2); 0 // 1
2, 10, (4, 3, 1, 1, 0, 0, 0, 0, 0, 0), (2, 1); 0 // 1
2, 10, (4, 3, 1, 1, 0, 0, 0, 0, 0, 0), (4, 0); 0 // 1
2, 10, (4, 2, 2, 1, 0, 0, 0, 0, 0, 0), (0, 2); 0 // 1
2, 10, (4, 2, 2, 1, 0, 0, 0, 0, 0, 0), (2, 1); 0 // 1
2, 10, (4, 2, 2, 1, 0, 0, 0, 0, 0, 0), (4, 0); 0 // 1
2, 10, (3, 3, 2, 1, 0, 0, 0, 0, 0, 0), (0, 2); 0 // 1
2, 10, (3, 3, 2, 1, 0, 0, 0, 0, 0, 0), (2, 1); 0 // 1
2, 10, (3, 3, 2, 1, 0, 0, 0, 0, 0, 0), (4, 0); 0 // 1
2, 10, (3, 2, 2, 2, 0, 0, 0, 0, 0, 0), (0, 2); 0 // 1
2, 10, (3, 2, 2, 2, 0, 0, 0, 0, 0, 0), (2, 1); 0 // 1
2, 10, (3, 2, 2, 2, 0, 0, 0, 0, 0, 0), (4, 0); 0 // 1
2, 10, (5, 1, 1, 1, 1, 0, 0, 0, 0, 0), (0, 2); 0 // 1
2, 10, (5, 1, 1, 1, 1, 0, 0, 0, 0, 0), (2, 1); 0 // 1
2, 10, (5, 1, 1, 1, 1, 0, 0, 0, 0, 0), (4, 0); 0 // 1
2, 10, (4, 2, 1, 1, 1, 0, 0, 0, 0, 0), (0, 2); 0 // 1
2, 10, (4, 2, 1, 1, 1, 0, 0, 0, 0, 0), (2, 1); 0 // 1
2, 10, (4, 2, 1, 1, 1, 0, 0, 0, 0, 0), (4, 0); 0 // 1
2, 10, (3, 3, 1, 1, 1, 0, 0, 0, 0, 0), (0, 2); 0 // 1
2, 10, (3, 3, 1, 1, 1, 0, 0, 0, 0, 0), (2, 1); 0 // 1
2, 10, (3, 3, 1, 1, 1, 0, 0, 0, 0, 0), (4, 0); 0 // 1
2, 10, (3, 2, 2, 1, 1, 0, 0, 0, 0, 0), (0, 2); 0 // 1
2, 10, (3, 2, 2, 1, 1, 0, 0, 0, 0, 0), (2, 1); 0 // 1
2, 10, (3, 2, 2, 1, 1, 0, 0, 0, 0, 0), (4, 0); 0 // 1
2, 10, (2, 2, 2, 2, 1, 0, 0, 0, 0, 0), (0, 2); 0 // 1
2, 10, (2, 2, 2, 2, 1, 0, 0, 0, 0, 0), (2, 1); 0 // 1
2, 10, (2, 2, 2, 2, 1, 0, 0, 0, 0, 0), (4, 0); 0 // 1
2, 10, (4, 1, 1, 1, 1, 1, 0, 0, 0, 0), (0, 2); 0 // 1
2, 10, (4, 1, 1, 1, 1, 1, 0, 0, 0, 0), (2, 1); 0 // 1
2, 10, (4, 1, 1, 1, 1, 1, 0, 0, 0, 0), (4, 0); 0 // 1
2, 10, (3, 2, 1, 1, 1, 1, 0, 0, 0, 0), (0, 2); 0 // 1
2, 10, (3, 2, 1, 1, 1, 1, 0, 0, 0, 0), (2, 1); 0 // 1
2, 10, (3, 2, 1, 1, 1, 1, 0, 0, 0, 0), (4, 0); 0 // 1
2, 10, (2, 2, 2, 1, 1, 1, 0, 0, 0, 0), (0, 2); 0 // 1
2, 10, (2, 2, 2, 1, 1, 1, 0, 0, 0, 0), (2, 1); 0 // 1
2, 10, (2, 2, 2, 1, 1, 1, 0, 0, 0, 0), (4, 0); 0 // 1
2, 10, (3, 1, 1, 1, 1, 1, 1, 0, 0, 0), (0, 2); 0 // 1
2, 10, (3, 1, 1, 1, 1, 1, 1, 0, 0, 0), (2, 1); 0 // 1
2, 10, (3, 1, 1, 1, 1, 1, 1, 0, 0, 0), (4, 0); 0 // 1
2, 10, (2, 2, 1, 1, 1, 1, 1, 0, 0, 0), (0, 2); 0 // 1
2, 10, (2, 2, 1, 1, 1, 1, 1, 0, 0, 0), (2, 1); 0 // 1
2, 10, (2, 2, 1, 1, 1, 1, 1, 0, 0, 0), (4, 0); 0 // 1
2, 10, (2, 1, 1, 1, 1, 1, 1, 1, 0, 0), (0, 2); 0 // 1
2, 10, (2, 1, 1, 1, 1, 1, 1, 1, 0, 0), (2, 1); 0 // 1
2, 10, (2, 1, 1, 1, 1, 1, 1, 1, 0, 0), (4, 0); 0 // 1
2, 10, (1, 1, 1, 1, 1, 1, 1, 1, 1, 0), (0, 2); 0 // 1
2, 10, (1, 1, 1, 1, 1, 1, 1, 1, 1, 0), (2, 1); 0 // 1
2, 10, (1, 1, 1, 1, 1, 1, 1, 1, 1, 0), (4, 0); 0 // 1
2, 10, (10, 0, 0, 0, 0, 0, 0, 0, 0, 0), (1, 1); 1 // 2880
2, 10, (10, 0, 0, 0, 0, 0, 0, 0, 0, 0), (3, 0); 1 // 1440
2, 10, (9, 1, 0, 0, 0, 0, 0, 0, 0, 0), (1, 1); 11 // 2880
2, 10, (9, 1, 0, 0, 0, 0, 0, 0, 0, 0), (3, 0); 11 // 1440
2, 10, (8, 2, 0, 0, 0, 0, 0, 0, 0, 0), (1, 1); 53 // 2880
2, 10, (8, 2, 0, 0, 0, 0, 0, 0, 0, 0), (3, 0); 53 // 1440
2, 10, (7, 3, 0, 0, 0, 0, 0, 0, 0, 0), (1, 1); 37 // 720
2, 10, (7, 3, 0, 0, 0, 0, 0, 0, 0, 0), (3, 0); 37 // 360
2, 10, (6, 4, 0, 0, 0, 0, 0, 0, 0, 0), (1, 1); 133 // 1440
2, 10, (6, 4, 0, 0, 0, 0, 0, 0, 0, 0), (3, 0); 133 // 720
2, 10, (5, 5, 0, 0, 0, 0, 0, 0, 0, 0), (1, 1); 161 // 1440
2, 10, (5, 5, 0, 0, 0, 0, 0, 0, 0, 0), (3, 0); 161 // 720
2, 10, (8, 1, 1, 0, 0, 0, 0, 0, 0, 0), (1, 1); 11 // 288
2, 10, (8, 1, 1, 0, 0, 0, 0, 0, 0, 0), (3, 0); 11 // 144
2, 10, (7, 2, 1, 0, 0, 0, 0, 0, 0, 0), (1, 1); 473 // 2880
2, 10, (7, 2, 1, 0, 0, 0, 0, 0, 0, 0), (3, 0); 473 // 1440
2, 10, (6, 3, 1, 0, 0, 0, 0, 0, 0, 0), (1, 1); 77 // 192
2, 10, (6, 3, 1, 0, 0, 0, 0, 0, 0, 0), (3, 0); 77 // 96
2, 10, (5, 4, 1, 0, 0, 0, 0, 0, 0, 0), (1, 1); 1771 // 2880
2, 10, (5, 4, 1, 0, 0, 0, 0, 0, 0, 0), (3, 0); 1771 // 1440
2, 10, (6, 2, 2, 0, 0, 0, 0, 0, 0, 0), (1, 1); 889 // 1440
2, 10, (6, 2, 2, 0, 0, 0, 0, 0, 0, 0), (3, 0); 889 // 720
2, 10, (5, 3, 2, 0, 0, 0, 0, 0, 0, 0), (1, 1); 3703 // 2880
2, 10, (5, 3, 2, 0, 0, 0, 0, 0, 0, 0), (3, 0); 3703 // 1440
2, 10, (4, 4, 2, 0, 0, 0, 0, 0, 0, 0), (1, 1); 469 // 288
2, 10, (4, 4, 2, 0, 0, 0, 0, 0, 0, 0), (3, 0); 469 // 144
2, 10, (4, 3, 3, 0, 0, 0, 0, 0, 0, 0), (1, 1); 637 // 288
2, 10, (4, 3, 3, 0, 0, 0, 0, 0, 0, 0), (3, 0); 637 // 144
2, 10, (7, 1, 1, 1, 0, 0, 0, 0, 0, 0), (1, 1); 11 // 32
2, 10, (7, 1, 1, 1, 0, 0, 0, 0, 0, 0), (3, 0); 11 // 16
2, 10, (6, 2, 1, 1, 0, 0, 0, 0, 0, 0), (1, 1); 187 // 144
2, 10, (6, 2, 1, 1, 0, 0, 0, 0, 0, 0), (3, 0); 187 // 72
2, 10, (5, 3, 1, 1, 0, 0, 0, 0, 0, 0), (1, 1); 781 // 288
2, 10, (5, 3, 1, 1, 0, 0, 0, 0, 0, 0), (3, 0); 781 // 144
2, 10, (4, 4, 1, 1, 0, 0, 0, 0, 0, 0), (1, 1); 55 // 16
2, 10, (4, 4, 1, 1, 0, 0, 0, 0, 0, 0), (3, 0); 55 // 8
2, 10, (5, 2, 2, 1, 0, 0, 0, 0, 0, 0), (1, 1); 671 // 160
2, 10, (5, 2, 2, 1, 0, 0, 0, 0, 0, 0), (3, 0); 671 // 80
2, 10, (4, 3, 2, 1, 0, 0, 0, 0, 0, 0), (1, 1); 4169 // 576
2, 10, (4, 3, 2, 1, 0, 0, 0, 0, 0, 0), (3, 0); 4169 // 288
2, 10, (3, 3, 3, 1, 0, 0, 0, 0, 0, 0), (1, 1); 473 // 48
2, 10, (3, 3, 3, 1, 0, 0, 0, 0, 0, 0), (3, 0); 473 // 24
2, 10, (4, 2, 2, 2, 0, 0, 0, 0, 0, 0), (1, 1); 359 // 32
2, 10, (4, 2, 2, 2, 0, 0, 0, 0, 0, 0), (3, 0); 359 // 16
2, 10, (3, 3, 2, 2, 0, 0, 0, 0, 0, 0), (1, 1); 2201 // 144
2, 10, (3, 3, 2, 2, 0, 0, 0, 0, 0, 0), (3, 0); 2201 // 72
2, 10, (6, 1, 1, 1, 1, 0, 0, 0, 0, 0), (1, 1); 11 // 4
2, 10, (6, 1, 1, 1, 1, 0, 0, 0, 0, 0), (3, 0); 11 // 2
2, 10, (5, 2, 1, 1, 1, 0, 0, 0, 0, 0), (1, 1); 143 // 16
2, 10, (5, 2, 1, 1, 1, 0, 0, 0, 0, 0), (3, 0); 143 // 8
2, 10, (4, 3, 1, 1, 1, 0, 0, 0, 0, 0), (1, 1); 495 // 32
2, 10, (4, 3, 1, 1, 1, 0, 0, 0, 0, 0), (3, 0); 495 // 16
2, 10, (4, 2, 2, 1, 1, 0, 0, 0, 0, 0), (1, 1); 385 // 16
2, 10, (4, 2, 2, 1, 1, 0, 0, 0, 0, 0), (3, 0); 385 // 8
2, 10, (3, 3, 2, 1, 1, 0, 0, 0, 0, 0), (1, 1); 2365 // 72
2, 10, (3, 3, 2, 1, 1, 0, 0, 0, 0, 0), (3, 0); 2365 // 36
2, 10, (3, 2, 2, 2, 1, 0, 0, 0, 0, 0), (1, 1); 1639 // 32
2, 10, (3, 2, 2, 2, 1, 0, 0, 0, 0, 0), (3, 0); 1639 // 16
2, 10, (2, 2, 2, 2, 2, 0, 0, 0, 0, 0), (1, 1); 80 // 1
2, 10, (2, 2, 2, 2, 2, 0, 0, 0, 0, 0), (3, 0); 160 // 1
2, 10, (5, 1, 1, 1, 1, 1, 0, 0, 0, 0), (1, 1); 77 // 4
2, 10, (5, 1, 1, 1, 1, 1, 0, 0, 0, 0), (3, 0); 77 // 2
2, 10, (4, 2, 1, 1, 1, 1, 0, 0, 0, 0), (1, 1); 209 // 4
2, 10, (4, 2, 1, 1, 1, 1, 0, 0, 0, 0), (3, 0); 209 // 2
2, 10, (3, 3, 1, 1, 1, 1, 0, 0, 0, 0), (1, 1); 143 // 2
2, 10, (3, 3, 1, 1, 1, 1, 0, 0, 0, 0), (3, 0); 143 // 1
2, 10, (3, 2, 2, 1, 1, 1, 0, 0, 0, 0), (1, 1); 1793 // 16
2, 10, (3, 2, 2, 1, 1, 1, 0, 0, 0, 0), (3, 0); 1793 // 8
2, 10, (2, 2, 2, 2, 1, 1, 0, 0, 0, 0), (1, 1); 176 // 1
2, 10, (2, 2, 2, 2, 1, 1, 0, 0, 0, 0), (3, 0); 352 // 1
2, 10, (4, 1, 1, 1, 1, 1, 1, 0, 0, 0), (1, 1); 231 // 2
2, 10, (4, 1, 1, 1, 1, 1, 1, 0, 0, 0), (3, 0); 231 // 1
2, 10, (3, 2, 1, 1, 1, 1, 1, 0, 0, 0), (1, 1); 1001 // 4
2, 10, (3, 2, 1, 1, 1, 1, 1, 0, 0, 0), (3, 0); 1001 // 2
2, 10, (2, 2, 2, 1, 1, 1, 1, 0, 0, 0), (1, 1); 396 // 1
2, 10, (2, 2, 2, 1, 1, 1, 1, 0, 0, 0), (3, 0); 792 // 1
2, 10, (3, 1, 1, 1, 1, 1, 1, 1, 0, 0), (1, 1); 1155 // 2
2, 10, (3, 1, 1, 1, 1, 1, 1, 1, 0, 0), (3, 0); 1155 // 1
2, 10, (2, 2, 1, 1, 1, 1, 1, 1, 0, 0), (1, 1); 924 // 1
2, 10, (2, 2, 1, 1, 1, 1, 1, 1, 0, 0), (3, 0); 1848 // 1
2, 10, (2, 1, 1, 1, 1, 1, 1, 1, 1, 0), (1, 1); 2310 // 1
2, 10, (2, 1, 1, 1, 1, 1, 1, 1, 1, 0), (3, 0); 4620 // 1
2, 10, (1, 1, 1, 1, 1, 1, 1, 1, 1, 1), (1, 1); 6930 // 1
2, 10, (1, 1, 1, 1, 1, 1, 1, 1, 1, 1), (3, 0); 13860 // 1
2, 10, (11, 0, 0, 0, 0, 0, 0, 0, 0, 0), (0, 1); 7 // 5760
2, 10, (11, 0, 0, 0, 0, 0, 0, 0, 0, 0), (2, 0); 7 // 2880
2, 10, (10, 1, 0, 0, 0, 0, 0, 0, 0, 0), (0, 1); 77 // 5760
2, 10, (10, 1, 0, 0, 0, 0, 0, 0, 0, 0), (2, 0); 77 // 2880
2, 10, (9, 2, 0, 0, 0, 0, 0, 0, 0, 0), (0, 1); 77 // 1152
2, 10, (9, 2, 0, 0, 0, 0, 0, 0, 0, 0), (2, 0); 77 // 576
2, 10, (8, 3, 0, 0, 0, 0, 0, 0, 0, 0), (0, 1); 77 // 384
2, 10, (8, 3, 0, 0, 0, 0, 0, 0, 0, 0), (2, 0); 77 // 192
2, 10, (7, 4, 0, 0, 0, 0, 0, 0, 0, 0), (0, 1); 77 // 192
2, 10, (7, 4, 0, 0, 0, 0, 0, 0, 0, 0), (2, 0); 77 // 96
2, 10, (6, 5, 0, 0, 0, 0, 0, 0, 0, 0), (0, 1); 539 // 960
2, 10, (6, 5, 0, 0, 0, 0, 0, 0, 0, 0), (2, 0); 539 // 480
2, 10, (9, 1, 1, 0, 0, 0, 0, 0, 0, 0), (0, 1); 77 // 576
2, 10, (9, 1, 1, 0, 0, 0, 0, 0, 0, 0), (2, 0); 77 // 288
2, 10, (8, 2, 1, 0, 0, 0, 0, 0, 0, 0), (0, 1); 77 // 128
2, 10, (8, 2, 1, 0, 0, 0, 0, 0, 0, 0), (2, 0); 77 // 64
2, 10, (7, 3, 1, 0, 0, 0, 0, 0, 0, 0), (0, 1); 77 // 48
2, 10, (7, 3, 1, 0, 0, 0, 0, 0, 0, 0), (2, 0); 77 // 24
2, 10, (6, 4, 1, 0, 0, 0, 0, 0, 0, 0), (0, 1); 539 // 192
2, 10, (6, 4, 1, 0, 0, 0, 0, 0, 0, 0), (2, 0); 539 // 96
2, 10, (5, 5, 1, 0, 0, 0, 0, 0, 0, 0), (0, 1); 539 // 160
2, 10, (5, 5, 1, 0, 0, 0, 0, 0, 0, 0), (2, 0); 539 // 80
2, 10, (7, 2, 2, 0, 0, 0, 0, 0, 0, 0), (0, 1); 77 // 32
2, 10, (7, 2, 2, 0, 0, 0, 0, 0, 0, 0), (2, 0); 77 // 16
2, 10, (6, 3, 2, 0, 0, 0, 0, 0, 0, 0), (0, 1); 539 // 96
2, 10, (6, 3, 2, 0, 0, 0, 0, 0, 0, 0), (2, 0); 539 // 48
2, 10, (5, 4, 2, 0, 0, 0, 0, 0, 0, 0), (0, 1); 539 // 64
2, 10, (5, 4, 2, 0, 0, 0, 0, 0, 0, 0), (2, 0); 539 // 32
2, 10, (5, 3, 3, 0, 0, 0, 0, 0, 0, 0), (0, 1); 539 // 48
2, 10, (5, 3, 3, 0, 0, 0, 0, 0, 0, 0), (2, 0); 539 // 24
2, 10, (4, 4, 3, 0, 0, 0, 0, 0, 0, 0), (0, 1); 2695 // 192
2, 10, (4, 4, 3, 0, 0, 0, 0, 0, 0, 0), (2, 0); 2695 // 96
2, 10, (8, 1, 1, 1, 0, 0, 0, 0, 0, 0), (0, 1); 77 // 64
2, 10, (8, 1, 1, 1, 0, 0, 0, 0, 0, 0), (2, 0); 77 // 32
2, 10, (7, 2, 1, 1, 0, 0, 0, 0, 0, 0), (0, 1); 77 // 16
2, 10, (7, 2, 1, 1, 0, 0, 0, 0, 0, 0), (2, 0); 77 // 8
2, 10, (6, 3, 1, 1, 0, 0, 0, 0, 0, 0), (0, 1); 539 // 48
2, 10, (6, 3, 1, 1, 0, 0, 0, 0, 0, 0), (2, 0); 539 // 24
2, 10, (5, 4, 1, 1, 0, 0, 0, 0, 0, 0), (0, 1); 539 // 32
2, 10, (5, 4, 1, 1, 0, 0, 0, 0, 0, 0), (2, 0); 539 // 16
2, 10, (6, 2, 2, 1, 0, 0, 0, 0, 0, 0), (0, 1); 539 // 32
2, 10, (6, 2, 2, 1, 0, 0, 0, 0, 0, 0), (2, 0); 539 // 16
2, 10, (5, 3, 2, 1, 0, 0, 0, 0, 0, 0), (0, 1); 539 // 16
2, 10, (5, 3, 2, 1, 0, 0, 0, 0, 0, 0), (2, 0); 539 // 8
2, 10, (4, 4, 2, 1, 0, 0, 0, 0, 0, 0), (0, 1); 2695 // 64
2, 10, (4, 4, 2, 1, 0, 0, 0, 0, 0, 0), (2, 0); 2695 // 32
2, 10, (4, 3, 3, 1, 0, 0, 0, 0, 0, 0), (0, 1); 2695 // 48
2, 10, (4, 3, 3, 1, 0, 0, 0, 0, 0, 0), (2, 0); 2695 // 24
2, 10, (5, 2, 2, 2, 0, 0, 0, 0, 0, 0), (0, 1); 1617 // 32
2, 10, (5, 2, 2, 2, 0, 0, 0, 0, 0, 0), (2, 0); 1617 // 16
2, 10, (4, 3, 2, 2, 0, 0, 0, 0, 0, 0), (0, 1); 2695 // 32
2, 10, (4, 3, 2, 2, 0, 0, 0, 0, 0, 0), (2, 0); 2695 // 16
2, 10, (3, 3, 3, 2, 0, 0, 0, 0, 0, 0), (0, 1); 2695 // 24
2, 10, (3, 3, 3, 2, 0, 0, 0, 0, 0, 0), (2, 0); 2695 // 12
2, 10, (7, 1, 1, 1, 1, 0, 0, 0, 0, 0), (0, 1); 77 // 8
2, 10, (7, 1, 1, 1, 1, 0, 0, 0, 0, 0), (2, 0); 77 // 4
2, 10, (6, 2, 1, 1, 1, 0, 0, 0, 0, 0), (0, 1); 539 // 16
2, 10, (6, 2, 1, 1, 1, 0, 0, 0, 0, 0), (2, 0); 539 // 8
2, 10, (5, 3, 1, 1, 1, 0, 0, 0, 0, 0), (0, 1); 539 // 8
2, 10, (5, 3, 1, 1, 1, 0, 0, 0, 0, 0), (2, 0); 539 // 4
2, 10, (4, 4, 1, 1, 1, 0, 0, 0, 0, 0), (0, 1); 2695 // 32
2, 10, (4, 4, 1, 1, 1, 0, 0, 0, 0, 0), (2, 0); 2695 // 16
2, 10, (5, 2, 2, 1, 1, 0, 0, 0, 0, 0), (0, 1); 1617 // 16
2, 10, (5, 2, 2, 1, 1, 0, 0, 0, 0, 0), (2, 0); 1617 // 8
2, 10, (4, 3, 2, 1, 1, 0, 0, 0, 0, 0), (0, 1); 2695 // 16
2, 10, (4, 3, 2, 1, 1, 0, 0, 0, 0, 0), (2, 0); 2695 // 8
2, 10, (3, 3, 3, 1, 1, 0, 0, 0, 0, 0), (0, 1); 2695 // 12
2, 10, (3, 3, 3, 1, 1, 0, 0, 0, 0, 0), (2, 0); 2695 // 6
2, 10, (4, 2, 2, 2, 1, 0, 0, 0, 0, 0), (0, 1); 8085 // 32
2, 10, (4, 2, 2, 2, 1, 0, 0, 0, 0, 0), (2, 0); 8085 // 16
2, 10, (3, 3, 2, 2, 1, 0, 0, 0, 0, 0), (0, 1); 2695 // 8
2, 10, (3, 3, 2, 2, 1, 0, 0, 0, 0, 0), (2, 0); 2695 // 4
2, 10, (3, 2, 2, 2, 2, 0, 0, 0, 0, 0), (0, 1); 8085 // 16
2, 10, (3, 2, 2, 2, 2, 0, 0, 0, 0, 0), (2, 0); 8085 // 8
2, 10, (6, 1, 1, 1, 1, 1, 0, 0, 0, 0), (0, 1); 539 // 8
2, 10, (6, 1, 1, 1, 1, 1, 0, 0, 0, 0), (2, 0); 539 // 4
2, 10, (5, 2, 1, 1, 1, 1, 0, 0, 0, 0), (0, 1); 1617 // 8
2, 10, (5, 2, 1, 1, 1, 1, 0, 0, 0, 0), (2, 0); 1617 // 4
2, 10, (4, 3, 1, 1, 1, 1, 0, 0, 0, 0), (0, 1); 2695 // 8
2, 10, (4, 3, 1, 1, 1, 1, 0, 0, 0, 0), (2, 0); 2695 // 4
2, 10, (4, 2, 2, 1, 1, 1, 0, 0, 0, 0), (0, 1); 8085 // 16
2, 10, (4, 2, 2, 1, 1, 1, 0, 0, 0, 0), (2, 0); 8085 // 8
2, 10, (3, 3, 2, 1, 1, 1, 0, 0, 0, 0), (0, 1); 2695 // 4
2, 10, (3, 3, 2, 1, 1, 1, 0, 0, 0, 0), (2, 0); 2695 // 2
2, 10, (3, 2, 2, 2, 1, 1, 0, 0, 0, 0), (0, 1); 8085 // 8
2, 10, (3, 2, 2, 2, 1, 1, 0, 0, 0, 0), (2, 0); 8085 // 4
2, 10, (2, 2, 2, 2, 2, 1, 0, 0, 0, 0), (0, 1); 24255 // 16
2, 10, (2, 2, 2, 2, 2, 1, 0, 0, 0, 0), (2, 0); 24255 // 8
2, 10, (5, 1, 1, 1, 1, 1, 1, 0, 0, 0), (0, 1); 1617 // 4
2, 10, (5, 1, 1, 1, 1, 1, 1, 0, 0, 0), (2, 0); 1617 // 2
2, 10, (4, 2, 1, 1, 1, 1, 1, 0, 0, 0), (0, 1); 8085 // 8
2, 10, (4, 2, 1, 1, 1, 1, 1, 0, 0, 0), (2, 0); 8085 // 4
2, 10, (3, 3, 1, 1, 1, 1, 1, 0, 0, 0), (0, 1); 2695 // 2
2, 10, (3, 3, 1, 1, 1, 1, 1, 0, 0, 0), (2, 0); 2695 // 1
2, 10, (3, 2, 2, 1, 1, 1, 1, 0, 0, 0), (0, 1); 8085 // 4
2, 10, (3, 2, 2, 1, 1, 1, 1, 0, 0, 0), (2, 0); 8085 // 2
2, 10, (2, 2, 2, 2, 1, 1, 1, 0, 0, 0), (0, 1); 24255 // 8
2, 10, (2, 2, 2, 2, 1, 1, 1, 0, 0, 0), (2, 0); 24255 // 4
2, 10, (4, 1, 1, 1, 1, 1, 1, 1, 0, 0), (0, 1); 8085 // 4
2, 10, (4, 1, 1, 1, 1, 1, 1, 1, 0, 0), (2, 0); 8085 // 2
2, 10, (3, 2, 1, 1, 1, 1, 1, 1, 0, 0), (0, 1); 8085 // 2
2, 10, (3, 2, 1, 1, 1, 1, 1, 1, 0, 0), (2, 0); 8085 // 1
2, 10, (2, 2, 2, 1, 1, 1, 1, 1, 0, 0), (0, 1); 24255 // 4
2, 10, (2, 2, 2, 1, 1, 1, 1, 1, 0, 0), (2, 0); 24255 // 2
2, 10, (3, 1, 1, 1, 1, 1, 1, 1, 1, 0), (0, 1); 8085 // 1
2, 10, (3, 1, 1, 1, 1, 1, 1, 1, 1, 0), (2, 0); 16170 // 1
2, 10, (2, 2, 1, 1, 1, 1, 1, 1, 1, 0), (0, 1); 24255 // 2
2, 10, (2, 2, 1, 1, 1, 1, 1, 1, 1, 0), (2, 0); 24255 // 1
2, 10, (2, 1, 1, 1, 1, 1, 1, 1, 1, 1), (0, 1); 24255 // 1
2, 10, (2, 1, 1, 1, 1, 1, 1, 1, 1, 1), (2, 0); 48510 // 1
2, 10, (12, 0, 0, 0, 0, 0, 0, 0, 0, 0), (1, 0); 1 // 480
2, 10, (11, 1, 0, 0, 0, 0, 0, 0, 0, 0), (1, 0); 11 // 480
2, 10, (10, 2, 0, 0, 0, 0, 0, 0, 0, 0), (1, 0); 337 // 2880
2, 10, (9, 3, 0, 0, 0, 0, 0, 0, 0, 0), (1, 0); 529 // 1440
2, 10, (8, 4, 0, 0, 0, 0, 0, 0, 0, 0), (1, 0); 1139 // 1440
2, 10, (7, 5, 0, 0, 0, 0, 0, 0, 0, 0), (1, 0); 887 // 720
2, 10, (6, 6, 0, 0, 0, 0, 0, 0, 0, 0), (1, 0); 2051 // 1440
2, 10, (10, 1, 1, 0, 0, 0, 0, 0, 0, 0), (1, 0); 11 // 48
2, 10, (9, 2, 1, 0, 0, 0, 0, 0, 0, 0), (1, 0); 3047 // 2880
2, 10, (8, 3, 1, 0, 0, 0, 0, 0, 0, 0), (1, 0); 8591 // 2880
2, 10, (7, 4, 1, 0, 0, 0, 0, 0, 0, 0), (1, 0); 5489 // 960
2, 10, (6, 5, 1, 0, 0, 0, 0, 0, 0, 0), (1, 0); 22561 // 2880
2, 10, (8, 2, 2, 0, 0, 0, 0, 0, 0, 0), (1, 0); 421 // 96
2, 10, (7, 3, 2, 0, 0, 0, 0, 0, 0, 0), (1, 0); 3169 // 288
2, 10, (6, 4, 2, 0, 0, 0, 0, 0, 0, 0), (1, 0); 53417 // 2880
2, 10, (5, 5, 2, 0, 0, 0, 0, 0, 0, 0), (1, 0); 10549 // 480
2, 10, (6, 3, 3, 0, 0, 0, 0, 0, 0, 0), (1, 0); 17479 // 720
2, 10, (5, 4, 3, 0, 0, 0, 0, 0, 0, 0), (1, 0); 33971 // 960
2, 10, (4, 4, 4, 0, 0, 0, 0, 0, 0, 0), (1, 0); 1393 // 32
2, 10, (9, 1, 1, 1, 0, 0, 0, 0, 0, 0), (1, 0); 33 // 16
2, 10, (8, 2, 1, 1, 0, 0, 0, 0, 0, 0), (1, 0); 2453 // 288
2, 10, (7, 3, 1, 1, 0, 0, 0, 0, 0, 0), (1, 0); 341 // 16
2, 10, (6, 4, 1, 1, 0, 0, 0, 0, 0, 0), (1, 0); 3443 // 96
2, 10, (5, 5, 1, 1, 0, 0, 0, 0, 0, 0), (1, 0); 1529 // 36
2, 10, (7, 2, 2, 1, 0, 0, 0, 0, 0, 0), (1, 0); 8987 // 288
2, 10, (6, 3, 2, 1, 0, 0, 0, 0, 0, 0), (1, 0); 3289 // 48
2, 10, (5, 4, 2, 1, 0, 0, 0, 0, 0, 0), (1, 0); 286957 // 2880
2, 10, (5, 3, 3, 1, 0, 0, 0, 0, 0, 0), (1, 0); 93599 // 720
2, 10, (4, 4, 3, 1, 0, 0, 0, 0, 0, 0), (1, 0); 15323 // 96
2, 10, (6, 2, 2, 2, 0, 0, 0, 0, 0, 0), (1, 0); 9601 // 96
2, 10, (5, 3, 2, 2, 0, 0, 0, 0, 0, 0), (1, 0); 18179 // 96
2, 10, (4, 4, 2, 2, 0, 0, 0, 0, 0, 0), (1, 0); 16729 // 72
2, 10, (4, 3, 3, 2, 0, 0, 0, 0, 0, 0), (1, 0); 21781 // 72
2, 10, (3, 3, 3, 3, 0, 0, 0, 0, 0, 0), (1, 0); 4723 // 12
2, 10, (8, 1, 1, 1, 1, 0, 0, 0, 0, 0), (1, 0); 33 // 2
2, 10, (7, 2, 1, 1, 1, 0, 0, 0, 0, 0), (1, 0); 1925 // 32
2, 10, (6, 3, 1, 1, 1, 0, 0, 0, 0, 0), (1, 0); 4213 // 32
2, 10, (5, 4, 1, 1, 1, 0, 0, 0, 0, 0), (1, 0); 1529 // 8
2, 10, (6, 2, 2, 1, 1, 0, 0, 0, 0, 0), (1, 0); 13805 // 72
2, 10, (5, 3, 2, 1, 1, 0, 0, 0, 0, 0), (1, 0); 104203 // 288
2, 10, (4, 4, 2, 1, 1, 0, 0, 0, 0, 0), (1, 0); 7095 // 16
2, 10, (4, 3, 3, 1, 1, 0, 0, 0, 0, 0), (1, 0); 27665 // 48
2, 10, (5, 2, 2, 2, 1, 0, 0, 0, 0, 0), (1, 0); 16797 // 32
2, 10, (4, 3, 2, 2, 1, 0, 0, 0, 0, 0), (1, 0); 30041 // 36
2, 10, (3, 3, 3, 2, 1, 0, 0, 0, 0, 0), (1, 0); 51953 // 48
2, 10, (4, 2, 2, 2, 2, 0, 0, 0, 0, 0), (1, 0); 9647 // 8
2, 10, (3, 3, 2, 2, 2, 0, 0, 0, 0, 0), (1, 0); 37487 // 24
2, 10, (7, 1, 1, 1, 1, 1, 0, 0, 0, 0), (1, 0); 231 // 2
2, 10, (6, 2, 1, 1, 1, 1, 0, 0, 0, 0), (1, 0); 1463 // 4
2, 10, (5, 3, 1, 1, 1, 1, 0, 0, 0, 0), (1, 0); 1375 // 2
2, 10, (4, 4, 1, 1, 1, 1, 0, 0, 0, 0), (1, 0); 1683 // 2
2, 10, (5, 2, 2, 1, 1, 1, 0, 0, 0, 0), (1, 0); 7953 // 8
2, 10, (4, 3, 2, 1, 1, 1, 0, 0, 0, 0), (1, 0); 50391 // 32
2, 10, (3, 3, 3, 1, 1, 1, 0, 0, 0, 0), (1, 0); 8151 // 4
2, 10, (4, 2, 2, 2, 1, 1, 0, 0, 0, 0), (1, 0); 36267 // 16
2, 10, (3, 3, 2, 2, 1, 1, 0, 0, 0, 0), (1, 0); 210859 // 72
2, 10, (3, 2, 2, 2, 2, 1, 0, 0, 0, 0), (1, 0); 33583 // 8
2, 10, (2, 2, 2, 2, 2, 2, 0, 0, 0, 0), (1, 0); 6000 // 1
2, 10, (6, 1, 1, 1, 1, 1, 1, 0, 0, 0), (1, 0); 693 // 1
2, 10, (5, 2, 1, 1, 1, 1, 1, 0, 0, 0), (1, 0); 7469 // 4
2, 10, (4, 3, 1, 1, 1, 1, 1, 0, 0, 0), (1, 0); 11781 // 4
2, 10, (4, 2, 2, 1, 1, 1, 1, 0, 0, 0), (1, 0); 8437 // 2
2, 10, (3, 3, 2, 1, 1, 1, 1, 0, 0, 0), (1, 0); 5434 // 1
2, 10, (3, 2, 2, 2, 1, 1, 1, 0, 0, 0), (1, 0); 123915 // 16
2, 10, (2, 2, 2, 2, 2, 1, 1, 0, 0, 0), (1, 0); 11000 // 1
2, 10, (5, 1, 1, 1, 1, 1, 1, 1, 0, 0), (1, 0); 3465 // 1
2, 10, (4, 2, 1, 1, 1, 1, 1, 1, 0, 0), (1, 0); 15477 // 2
2, 10, (3, 3, 1, 1, 1, 1, 1, 1, 0, 0), (1, 0); 9933 // 1
2, 10, (3, 2, 2, 1, 1, 1, 1, 1, 0, 0), (1, 0); 28105 // 2
2, 10, (2, 2, 2, 2, 1, 1, 1, 1, 0, 0), (1, 0); 19800 // 1
2, 10, (4, 1, 1, 1, 1, 1, 1, 1, 1, 0), (1, 0); 13860 // 1
2, 10, (3, 2, 1, 1, 1, 1, 1, 1, 1, 0), (1, 0); 49665 // 2
2, 10, (2, 2, 2, 1, 1, 1, 1, 1, 1, 0), (1, 0); 34650 // 1
2, 10, (3, 1, 1, 1, 1, 1, 1, 1, 1, 1), (1, 0); 41580 // 1
2, 10, (2, 2, 1, 1, 1, 1, 1, 1, 1, 1), (1, 0); 57750 // 1
2, 10, (13, 0, 0, 0, 0, 0, 0, 0, 0, 0), (0, 0); 1 // 1152
2, 10, (12, 1, 0, 0, 0, 0, 0, 0, 0, 0), (0, 0); 11 // 1152
2, 10, (11, 2, 0, 0, 0, 0, 0, 0, 0, 0), (0, 0); 289 // 5760
2, 10, (10, 3, 0, 0, 0, 0, 0, 0, 0, 0), (0, 0); 961 // 5760
2, 10, (9, 4, 0, 0, 0, 0, 0, 0, 0, 0), (0, 0); 2249 // 5760
2, 10, (8, 5, 0, 0, 0, 0, 0, 0, 0, 0), (0, 0); 1297 // 1920
2, 10, (7, 6, 0, 0, 0, 0, 0, 0, 0, 0), (0, 0); 283 // 320
2, 10, (11, 1, 1, 0, 0, 0, 0, 0, 0, 0), (0, 0); 55 // 576
2, 10, (10, 2, 1, 0, 0, 0, 0, 0, 0, 0), (0, 0); 2629 // 5760
2, 10, (9, 3, 1, 0, 0, 0, 0, 0, 0, 0), (0, 0); 3971 // 2880
2, 10, (8, 4, 1, 0, 0, 0, 0, 0, 0, 0), (0, 0); 5599 // 1920
2, 10, (7, 5, 1, 0, 0, 0, 0, 0, 0, 0), (0, 0); 2167 // 480
2, 10, (6, 6, 1, 0, 0, 0, 0, 0, 0, 0), (0, 0); 1001 // 192
2, 10, (9, 2, 2, 0, 0, 0, 0, 0, 0, 0), (0, 0); 1141 // 576
2, 10, (8, 3, 2, 0, 0, 0, 0, 0, 0, 0), (0, 0); 173 // 32
2, 10, (7, 4, 2, 0, 0, 0, 0, 0, 0, 0), (0, 0); 3929 // 384
2, 10, (6, 5, 2, 0, 0, 0, 0, 0, 0, 0), (0, 0); 26831 // 1920
2, 10, (7, 3, 3, 0, 0, 0, 0, 0, 0, 0), (0, 0); 845 // 64
2, 10, (6, 4, 3, 0, 0, 0, 0, 0, 0, 0), (0, 0); 42329 // 1920
2, 10, (5, 5, 3, 0, 0, 0, 0, 0, 0, 0), (0, 0); 1043 // 40
2, 10, (5, 4, 4, 0, 0, 0, 0, 0, 0, 0), (0, 0); 7651 // 240
2, 10, (10, 1, 1, 1, 0, 0, 0, 0, 0, 0), (0, 0); 55 // 64
2, 10, (9, 2, 1, 1, 0, 0, 0, 0, 0, 0), (0, 0); 1067 // 288
2, 10, (8, 3, 1, 1, 0, 0, 0, 0, 0, 0), (0, 0); 121 // 12
2, 10, (7, 4, 1, 1, 0, 0, 0, 0, 0, 0), (0, 0); 1221 // 64
2, 10, (6, 5, 1, 1, 0, 0, 0, 0, 0, 0), (0, 0); 5005 // 192
2, 10, (8, 2, 2, 1, 0, 0, 0, 0, 0, 0), (0, 0); 2761 // 192
2, 10, (7, 3, 2, 1, 0, 0, 0, 0, 0, 0), (0, 0); 6721 // 192
2, 10, (6, 4, 2, 1, 0, 0, 0, 0, 0, 0), (0, 0); 22451 // 384
2, 10, (5, 5, 2, 1, 0, 0, 0, 0, 0, 0), (0, 0); 33209 // 480
2, 10, (6, 3, 3, 1, 0, 0, 0, 0, 0, 0), (0, 0); 14443 // 192
2, 10, (5, 4, 3, 1, 0, 0, 0, 0, 0, 0), (0, 0); 104467 // 960
2, 10, (4, 4, 4, 1, 0, 0, 0, 0, 0, 0), (0, 0); 4257 // 32
2, 10, (7, 2, 2, 2, 0, 0, 0, 0, 0, 0), (0, 0); 9553 // 192
2, 10, (6, 3, 2, 2, 0, 0, 0, 0, 0, 0), (0, 0); 20521 // 192
2, 10, (5, 4, 2, 2, 0, 0, 0, 0, 0, 0), (0, 0); 14851 // 96
2, 10, (5, 3, 3, 2, 0, 0, 0, 0, 0, 0), (0, 0); 38203 // 192
2, 10, (4, 4, 3, 2, 0, 0, 0, 0, 0, 0), (0, 0); 23365 // 96
2, 10, (4, 3, 3, 3, 0, 0, 0, 0, 0, 0), (0, 0); 60139 // 192
2, 10, (9, 1, 1, 1, 1, 0, 0, 0, 0, 0), (0, 0); 55 // 8
2, 10, (8, 2, 1, 1, 1, 0, 0, 0, 0, 0), (0, 0); 847 // 32
2, 10, (7, 3, 1, 1, 1, 0, 0, 0, 0, 0), (0, 0); 2057 // 32
2, 10, (6, 4, 1, 1, 1, 0, 0, 0, 0, 0), (0, 0); 6875 // 64
2, 10, (5, 5, 1, 1, 1, 0, 0, 0, 0, 0), (0, 0); 2035 // 16
2, 10, (7, 2, 2, 1, 1, 0, 0, 0, 0, 0), (0, 0); 8723 // 96
2, 10, (6, 3, 2, 1, 1, 0, 0, 0, 0, 0), (0, 0); 6237 // 32
2, 10, (5, 4, 2, 1, 1, 0, 0, 0, 0, 0), (0, 0); 847 // 3
2, 10, (5, 3, 3, 1, 1, 0, 0, 0, 0, 0), (0, 0); 34793 // 96
2, 10, (4, 4, 3, 1, 1, 0, 0, 0, 0, 0), (0, 0); 7095 // 16
2, 10, (6, 2, 2, 2, 1, 0, 0, 0, 0, 0), (0, 0); 52745 // 192
2, 10, (5, 3, 2, 2, 1, 0, 0, 0, 0, 0), (0, 0); 16357 // 32
2, 10, (4, 4, 2, 2, 1, 0, 0, 0, 0, 0), (0, 0); 30041 // 48
2, 10, (4, 3, 3, 2, 1, 0, 0, 0, 0, 0), (0, 0); 154363 // 192
2, 10, (3, 3, 3, 3, 1, 0, 0, 0, 0, 0), (0, 0); 24805 // 24
2, 10, (5, 2, 2, 2, 2, 0, 0, 0, 0, 0), (0, 0); 4315 // 6
2, 10, (4, 3, 2, 2, 2, 0, 0, 0, 0, 0), (0, 0); 36231 // 32
2, 10, (3, 3, 3, 2, 2, 0, 0, 0, 0, 0), (0, 0); 139765 // 96
2, 10, (8, 1, 1, 1, 1, 1, 0, 0, 0, 0), (0, 0); 385 // 8
2, 10, (7, 2, 1, 1, 1, 1, 0, 0, 0, 0), (0, 0); 1309 // 8
2, 10, (6, 3, 1, 1, 1, 1, 0, 0, 0, 0), (0, 0); 2805 // 8
2, 10, (5, 4, 1, 1, 1, 1, 0, 0, 0, 0), (0, 0); 2035 // 4
2, 10, (6, 2, 2, 1, 1, 1, 0, 0, 0, 0), (0, 0); 15697 // 32
2, 10, (5, 3, 2, 1, 1, 1, 0, 0, 0, 0), (0, 0); 913 // 1
2, 10, (4, 4, 2, 1, 1, 1, 0, 0, 0, 0), (0, 0); 4477 // 4
2, 10, (4, 3, 3, 1, 1, 1, 0, 0, 0, 0), (0, 0); 45947 // 32
2, 10, (5, 2, 2, 2, 1, 1, 0, 0, 0, 0), (0, 0); 30613 // 24
2, 10, (4, 3, 2, 2, 1, 1, 0, 0, 0, 0), (0, 0); 96481 // 48
2, 10, (3, 3, 3, 2, 1, 1, 0, 0, 0, 0), (0, 0); 124025 // 48
2, 10, (4, 2, 2, 2, 2, 1, 0, 0, 0, 0), (0, 0); 8426 // 3
2, 10, (3, 3, 2, 2, 2, 1, 0, 0, 0, 0), (0, 0); 347105 // 96
2, 10, (3, 2, 2, 2, 2, 2, 0, 0, 0, 0), (0, 0); 15170 // 3
2, 10, (7, 1, 1, 1, 1, 1, 1, 0, 0, 0), (0, 0); 1155 // 4
2, 10, (6, 2, 1, 1, 1, 1, 1, 0, 0, 0), (0, 0); 6853 // 8
2, 10, (5, 3, 1, 1, 1, 1, 1, 0, 0, 0), (0, 0); 6391 // 4
2, 10, (4, 4, 1, 1, 1, 1, 1, 0, 0, 0), (0, 0); 3927 // 2
2, 10, (5, 2, 2, 1, 1, 1, 1, 0, 0, 0), (0, 0); 2211 // 1
2, 10, (4, 3, 2, 1, 1, 1, 1, 0, 0, 0), (0, 0); 13981 // 4
2, 10, (3, 3, 3, 1, 1, 1, 1, 0, 0, 0), (0, 0); 17985 // 4
2, 10, (4, 2, 2, 2, 1, 1, 1, 0, 0, 0), (0, 0); 38775 // 8
2, 10, (3, 3, 2, 2, 1, 1, 1, 0, 0, 0), (0, 0); 100045 // 16
2, 10, (3, 2, 2, 2, 2, 1, 1, 0, 0, 0), (0, 0); 52195 // 6
2, 10, (2, 2, 2, 2, 2, 2, 1, 0, 0, 0), (0, 0); 24255 // 2
2, 10, (6, 1, 1, 1, 1, 1, 1, 1, 0, 0), (0, 0); 5775 // 4
2, 10, (5, 2, 1, 1, 1, 1, 1, 1, 0, 0), (0, 0); 3696 // 1
2, 10, (4, 3, 1, 1, 1, 1, 1, 1, 0, 0), (0, 0); 11781 // 2
2, 10, (4, 2, 2, 1, 1, 1, 1, 1, 0, 0), (0, 0); 8085 // 1
2, 10, (3, 3, 2, 1, 1, 1, 1, 1, 0, 0), (0, 0); 41965 // 4
2, 10, (3, 2, 2, 2, 1, 1, 1, 1, 0, 0), (0, 0); 14520 // 1
2, 10, (2, 2, 2, 2, 2, 1, 1, 1, 0, 0), (0, 0); 40425 // 2
2, 10, (5, 1, 1, 1, 1, 1, 1, 1, 1, 0), (0, 0); 5775 // 1
2, 10, (4, 2, 1, 1, 1, 1, 1, 1, 1, 0), (0, 0); 12705 // 1
2, 10, (3, 3, 1, 1, 1, 1, 1, 1, 1, 0), (0, 0); 33495 // 2
2, 10, (3, 2, 2, 1, 1, 1, 1, 1, 1, 0), (0, 0); 23100 // 1
2, 10, (2, 2, 2, 2, 1, 1, 1, 1, 1, 0), (0, 0); 32340 // 1
2, 10, (4, 1, 1, 1, 1, 1, 1, 1, 1, 1), (0, 0); 17325 // 1
2, 10, (3, 2, 1, 1, 1, 1, 1, 1, 1, 1), (0, 0); 33495 // 1
2, 10, (2, 2, 2, 1, 1, 1, 1, 1, 1, 1), (0, 0); 48510 // 1
