3, 8, (0, 0, 0, 0, 0, 0, 0, 0), (0, 1, 4); 0 // 1
3, 8, (0, 0, 0, 0, 0, 0, 0, 0), (2, 0, 4); 0 // 1
3, 8, (0, 0, 0, 0, 0, 0, 0, 0), (1, 2, 3); 0 // 1
3, 8, (0, 0, 0, 0, 0, 0, 0, 0), (3, 1, 3); 0 // 1
3, 8, (0, 0, 0, 0, 0, 0, 0, 0), (5, 0, 3); 0 // 1
3, 8, (0, 0, 0, 0, 0, 0, 0, 0), (0, 4, 2); 0 // 1
3, 8, (0, 0, 0, 0, 0, 0, 0, 0), (2, 3, 2); 0 // 1
3, 8, (0, 0, 0, 0, 0, 0, 0, 0), (4, 2, 2); 0 // 1
3, 8, (0, 0, 0, 0, 0, 0, 0, 0), (6, 1, 2); 0 // 1
3, 8, (0, 0, 0, 0, 0, 0, 0, 0), (8, 0, 2); 0 // 1
3, 8, (0, 0, 0, 0, 0, 0, 0, 0), (1, 5, 1); 0 // 1
3, 8, (0, 0, 0, 0, 0, 0, 0, 0), (3, 4, 1); 0 // 1
3, 8, (0, 0, 0, 0, 0, 0, 0, 0), (5, 3, 1); 0 // 1
3, 8, (0, 0, 0, 0, 0, 0, 0, 0), (7, 2, 1); 0 // 1
3, 8, (0, 0, 0, 0, 0, 0, 0, 0), (9, 1, 1); 0 // 1
3, 8, (0, 0, 0, 0, 0, 0, 0, 0), (11, 0, 1); 0 // 1
3, 8, (0, 0, 0, 0, 0, 0, 0, 0), (0, 7, 0); 0 // 1
3, 8, (0, 0, 0, 0, 0, 0, 0, 0), (2, 6, 0); 0 // 1
3, 8, (0, 0, 0, 0, 0, 0, 0, 0), (4, 5, 0); 0 // 1
3, 8, (0, 0, 0, 0, 0, 0, 0, 0), (6, 4, 0); 0 // 1
3, 8, (0, 0, 0, 0, 0, 0, 0, 0), (8, 3, 0); 0 // 1
3, 8, (0, 0, 0, 0, 0, 0, 0, 0), (10, 2, 0); 0 // 1
3, 8, (0, 0, 0, 0, 0, 0, 0, 0), (12, 1, 0); 0 // 1
3, 8, (0, 0, 0, 0, 0, 0, 0, 0), (14, 0, 0); 0 // 1
3, 8, (1, 0, 0, 0, 0, 0, 0, 0), (1, 0, 4); 0 // 1
3, 8, (1, 0, 0, 0, 0, 0, 0, 0), (0, 2, 3); 0 // 1
3, 8, (1, 0, 0, 0, 0, 0, 0, 0), (2, 1, 3); 0 // 1
3, 8, (1, 0, 0, 0, 0, 0, 0, 0), (4, 0, 3); 0 // 1
3, 8, (1, 0, 0, 0, 0, 0, 0, 0), (1, 3, 2); 0 // 1
3, 8, (1, 0, 0, 0, 0, 0, 0, 0), (3, 2, 2); 0 // 1
3, 8, (1, 0, 0, 0, 0, 0, 0, 0), (5, 1, 2); 0 // 1
3, 8, (1, 0, 0, 0, 0, 0, 0, 0), (7, 0, 2); 0 // 1
3, 8, (1, 0, 0, 0, 0, 0, 0, 0), (0, 5, 1); 0 // 1
3, 8, (1, 0, 0, 0, 0, 0, 0, 0), (2, 4, 1); 0 // 1
3, 8, (1, 0, 0, 0, 0, 0, 0, 0), (4, 3, 1); 0 // 1
3, 8, (1, 0, 0, 0, 0, 0, 0, 0), (6, 2, 1); 0 // 1
3, 8, (1, 0, 0, 0, 0, 0, 0, 0), (8, 1, 1); 0 // 1
3, 8, (1, 0, 0, 0, 0, 0, 0, 0), (10, 0, 1); 0 // 1
3, 8, (1, 0, 0, 0, 0, 0, 0, 0), (1, 6, 0); 0 // 1
3, 8, (1, 0, 0, 0, 0, 0, 0, 0), (3, 5, 0); 0 // 1
3, 8, (1, 0, 0, 0, 0, 0, 0, 0), (5, 4, 0); 0 // 1
3, 8, (1, 0, 0, 0, 0, 0, 0, 0), (7, 3, 0); 0 // 1
3, 8, (1, 0, 0, 0, 0, 0, 0, 0), (9, 2, 0); 0 // 1
3, 8, (1, 0, 0, 0, 0, 0, 0, 0), (11, 1, 0); 0 // 1
3, 8, (1, 0, 0, 0, 0, 0, 0, 0), (13, 0, 0); 0 // 1
3, 8, (2, 0, 0, 0, 0, 0, 0, 0), (0, 0, 4); 0 // 1
3, 8, (2, 0, 0, 0, 0, 0, 0, 0), (1, 1, 3); 0 // 1
3, 8, (2, 0, 0, 0, 0, 0, 0, 0), (3, 0, 3); 0 // 1
3, 8, (2, 0, 0, 0, 0, 0, 0, 0), (0, 3, 2); 0 // 1
3, 8, (2, 0, 0, 0, 0, 0, 0, 0), (2, 2, 2); 0 // 1
3, 8, (2, 0, 0, 0, 0, 0, 0, 0), (4, 1, 2); 0 // 1
3, 8, (2, 0, 0, 0, 0, 0, 0, 0), (6, 0, 2); 0 // 1
3, 8, (2, 0, 0, 0, 0, 0, 0, 0), (1, 4, 1); 0 // 1
3, 8, (2, 0, 0, 0, 0, 0, 0, 0), (3, 3, 1); 0 // 1
3, 8, (2, 0, 0, 0, 0, 0, 0, 0), (5, 2, 1); 0 // 1
3, 8, (2, 0, 0, 0, 0, 0, 0, 0), (7, 1, 1); 0 // 1
3, 8, (2, 0, 0, 0, 0, 0, 0, 0), (9, 0, 1); 0 // 1
3, 8, (2, 0, 0, 0, 0, 0, 0, 0), (0, 6, 0); 0 // 1
3, 8, (2, 0, 0, 0, 0, 0, 0, 0), (2, 5, 0); 0 // 1
3, 8, (2, 0, 0, 0, 0, 0, 0, 0), (4, 4, 0); 0 // 1
3, 8, (2, 0, 0, 0, 0, 0, 0, 0), (6, 3, 0); 0 // 1
3, 8, (2, 0, 0, 0, 0, 0, 0, 0), (8, 2, 0); 0 // 1
3, 8, (2, 0, 0, 0, 0, 0, 0, 0), (10, 1, 0); 0 // 1
3, 8, (2, 0, 0, 0, 0, 0, 0, 0), (12, 0, 0); 0 // 1
3, 8, (1, 1, 0, 0, 0, 0, 0, 0), (0, 0, 4); 0 // 1
3, 8, (1, 1, 0, 0, 0, 0, 0, 0), (1, 1, 3); 0 // 1
3, 8, (1, 1, 0, 0, 0, 0, 0, 0), (3, 0, 3); 0 // 1
3, 8, (1, 1, 0, 0, 0, 0, 0, 0), (0, 3, 2); 0 // 1
3, 8, (1, 1, 0, 0, 0, 0, 0, 0), (2, 2, 2); 0 // 1
3, 8, (1, 1, 0, 0, 0, 0, 0, 0), (4, 1, 2); 0 // 1
3, 8, (1, 1, 0, 0, 0, 0, 0, 0), (6, 0, 2); 0 // 1
3, 8, (1, 1, 0, 0, 0, 0, 0, 0), (1, 4, 1); 0 // 1
3, 8, (1, 1, 0, 0, 0, 0, 0, 0), (3, 3, 1); 0 // 1
3, 8, (1, 1, 0, 0, 0, 0, 0, 0), (5, 2, 1); 0 // 1
3, 8, (1, 1, 0, 0, 0, 0, 0, 0), (7, 1, 1); 0 // 1
3, 8, (1, 1, 0, 0, 0, 0, 0, 0), (9, 0, 1); 0 // 1
3, 8, (1, 1, 0, 0, 0, 0, 0, 0), (0, 6, 0); 0 // 1
3, 8, (1, 1, 0, 0, 0, 0, 0, 0), (2, 5, 0); 0 // 1
3, 8, (1, 1, 0, 0, 0, 0, 0, 0), (4, 4, 0); 0 // 1
3, 8, (1, 1, 0, 0, 0, 0, 0, 0), (6, 3, 0); 0 // 1
3, 8, (1, 1, 0, 0, 0, 0, 0, 0), (8, 2, 0); 0 // 1
3, 8, (1, 1, 0, 0, 0, 0, 0, 0), (10, 1, 0); 0 // 1
3, 8, (1, 1, 0, 0, 0, 0, 0, 0), (12, 0, 0); 0 // 1
3, 8, (3, 0, 0, 0, 0, 0, 0, 0), (0, 1, 3); 0 // 1
3, 8, (3, 0, 0, 0, 0, 0, 0, 0), (2, 0, 3); 0 // 1
3, 8, (3, 0, 0, 0, 0, 0, 0, 0), (1, 2, 2); 0 // 1
3, 8, (3, 0, 0, 0, 0, 0, 0, 0), (3, 1, 2); 0 // 1
3, 8, (3, 0, 0, 0, 0, 0, 0, 0), (5, 0, 2); 0 // 1
3, 8, (3, 0, 0, 0, 0, 0, 0, 0), (0, 4, 1); 0 // 1
3, 8, (3, 0, 0, 0, 0, 0, 0, 0), (2, 3, 1); 0 // 1
3, 8, (3, 0, 0, 0, 0, 0, 0, 0), (4, 2, 1); 0 // 1
3, 8, (3, 0, 0, 0, 0, 0, 0, 0), (6, 1, 1); 0 // 1
3, 8, (3, 0, 0, 0, 0, 0, 0, 0), (8, 0, 1); 0 // 1
3, 8, (3, 0, 0, 0, 0, 0, 0, 0), (1, 5, 0); 0 // 1
3, 8, (3, 0, 0, 0, 0, 0, 0, 0), (3, 4, 0); 0 // 1
3, 8, (3, 0, 0, 0, 0, 0, 0, 0), (5, 3, 0); 0 // 1
3, 8, (3, 0, 0, 0, 0, 0, 0, 0), (7, 2, 0); 0 // 1
3, 8, (3, 0, 0, 0, 0, 0, 0, 0), (9, 1, 0); 0 // 1
3, 8, (3, 0, 0, 0, 0, 0, 0, 0), (11, 0, 0); 0 // 1
3, 8, (2, 1, 0, 0, 0, 0, 0, 0), (0, 1, 3); 0 // 1
3, 8, (2, 1, 0, 0, 0, 0, 0, 0), (2, 0, 3); 0 // 1
3, 8, (2, 1, 0, 0, 0, 0, 0, 0), (1, 2, 2); 0 // 1
3, 8, (2, 1, 0, 0, 0, 0, 0, 0), (3, 1, 2); 0 // 1
3, 8, (2, 1, 0, 0, 0, 0, 0, 0), (5, 0, 2); 0 // 1
3, 8, (2, 1, 0, 0, 0, 0, 0, 0), (0, 4, 1); 0 // 1
3, 8, (2, 1, 0, 0, 0, 0, 0, 0), (2, 3, 1); 0 // 1
3, 8, (2, 1, 0, 0, 0, 0, 0, 0), (4, 2, 1); 0 // 1
3, 8, (2, 1, 0, 0, 0, 0, 0, 0), (6, 1, 1); 0 // 1
3, 8, (2, 1, 0, 0, 0, 0, 0, 0), (8, 0, 1); 0 // 1
3, 8, (2, 1, 0, 0, 0, 0, 0, 0), (1, 5, 0); 0 // 1
3, 8, (2, 1, 0, 0, 0, 0, 0, 0), (3, 4, 0); 0 // 1
3, 8, (2, 1, 0, 0, 0, 0, 0, 0), (5, 3, 0); 0 // 1
3, 8, (2, 1, 0, 0, 0, 0, 0, 0), (7, 2, 0); 0 // 1
3, 8, (2, 1, 0, 0, 0, 0, 0, 0), (9, 1, 0); 0 // 1
3, 8, (2, 1, 0, 0, 0, 0, 0, 0), (11, 0, 0); 0 // 1
3, 8, (1, 1, 1, 0, 0, 0, 0, 0), (0, 1, 3); 0 // 1
3, 8, (1, 1, 1, 0, 0, 0, 0, 0), (2, 0, 3); 0 // 1
3, 8, (1, 1, 1, 0, 0, 0, 0, 0), (1, 2, 2); 0 // 1
3, 8, (1, 1, 1, 0, 0, 0, 0, 0), (3, 1, 2); 0 // 1
3, 8, (1, 1, 1, 0, 0, 0, 0, 0), (5, 0, 2); 0 // 1
3, 8, (1, 1, 1, 0, 0, 0, 0, 0), (0, 4, 1); 0 // 1
3, 8, (1, 1, 1, 0, 0, 0, 0, 0), (2, 3, 1); 0 // 1
3, 8, (1, 1, 1, 0, 0, 0, 0, 0), (4, 2, 1); 0 // 1
3, 8, (1, 1, 1, 0, 0, 0, 0, 0), (6, 1, 1); 0 // 1
3, 8, (1, 1, 1, 0, 0, 0, 0, 0), (8, 0, 1); 0 // 1
3, 8, (1, 1, 1, 0, 0, 0, 0, 0), (1, 5, 0); 0 // 1
3, 8, (1, 1, 1, 0, 0, 0, 0, 0), (3, 4, 0); 0 // 1
3, 8, (1, 1, 1, 0, 0, 0, 0, 0), (5, 3, 0); 0 // 1
3, 8, (1, 1, 1, 0, 0, 0, 0, 0), (7, 2, 0); 0 // 1
3, 8, (1, 1, 1, 0, 0, 0, 0, 0), (9, 1, 0); 0 // 1
3, 8, (1, 1, 1, 0, 0, 0, 0, 0), (11, 0, 0); 0 // 1
3, 8, (4, 0, 0, 0, 0, 0, 0, 0), (1, 0, 3); 0 // 1
3, 8, (4, 0, 0, 0, 0, 0, 0, 0), (0, 2, 2); 0 // 1
3, 8, (4, 0, 0, 0, 0, 0, 0, 0), (2, 1, 2); 0 // 1
3, 8, (4, 0, 0, 0, 0, 0, 0, 0), (4, 0, 2); 0 // 1
3, 8, (4, 0, 0, 0, 0, 0, 0, 0), (1, 3, 1); 0 // 1
3, 8, (4, 0, 0, 0, 0, 0, 0, 0), (3, 2, 1); 0 // 1
3, 8, (4, 0, 0, 0, 0, 0, 0, 0), (5, 1, 1); 0 // 1
3, 8, (4, 0, 0, 0, 0, 0, 0, 0), (7, 0, 1); 0 // 1
3, 8, (4, 0, 0, 0, 0, 0, 0, 0), (0, 5, 0); 0 // 1
3, 8, (4, 0, 0, 0, 0, 0, 0, 0), (2, 4, 0); 0 // 1
3, 8, (4, 0, 0, 0, 0, 0, 0, 0), (4, 3, 0); 0 // 1
3, 8, (4, 0, 0, 0, 0, 0, 0, 0), (6, 2, 0); 0 // 1
3, 8, (4, 0, 0, 0, 0, 0, 0, 0), (8, 1, 0); 0 // 1
3, 8, (4, 0, 0, 0, 0, 0, 0, 0), (10, 0, 0); 0 // 1
3, 8, (3, 1, 0, 0, 0, 0, 0, 0), (1, 0, 3); 0 // 1
3, 8, (3, 1, 0, 0, 0, 0, 0, 0), (0, 2, 2); 0 // 1
3, 8, (3, 1, 0, 0, 0, 0, 0, 0), (2, 1, 2); 0 // 1
3, 8, (3, 1, 0, 0, 0, 0, 0, 0), (4, 0, 2); 0 // 1
3, 8, (3, 1, 0, 0, 0, 0, 0, 0), (1, 3, 1); 0 // 1
3, 8, (3, 1, 0, 0, 0, 0, 0, 0), (3, 2, 1); 0 // 1
3, 8, (3, 1, 0, 0, 0, 0, 0, 0), (5, 1, 1); 0 // 1
3, 8, (3, 1, 0, 0, 0, 0, 0, 0), (7, 0, 1); 0 // 1
3, 8, (3, 1, 0, 0, 0, 0, 0, 0), (0, 5, 0); 0 // 1
3, 8, (3, 1, 0, 0, 0, 0, 0, 0), (2, 4, 0); 0 // 1
3, 8, (3, 1, 0, 0, 0, 0, 0, 0), (4, 3, 0); 0 // 1
3, 8, (3, 1, 0, 0, 0, 0, 0, 0), (6, 2, 0); 0 // 1
3, 8, (3, 1, 0, 0, 0, 0, 0, 0), (8, 1, 0); 0 // 1
3, 8, (3, 1, 0, 0, 0, 0, 0, 0), (10, 0, 0); 0 // 1
3, 8, (2, 2, 0, 0, 0, 0, 0, 0), (1, 0, 3); 0 // 1
3, 8, (2, 2, 0, 0, 0, 0, 0, 0), (0, 2, 2); 0 // 1
3, 8, (2, 2, 0, 0, 0, 0, 0, 0), (2, 1, 2); 0 // 1
3, 8, (2, 2, 0, 0, 0, 0, 0, 0), (4, 0, 2); 0 // 1
3, 8, (2, 2, 0, 0, 0, 0, 0, 0), (1, 3, 1); 0 // 1
3, 8, (2, 2, 0, 0, 0, 0, 0, 0), (3, 2, 1); 0 // 1
3, 8, (2, 2, 0, 0, 0, 0, 0, 0), (5, 1, 1); 0 // 1
3, 8, (2, 2, 0, 0, 0, 0, 0, 0), (7, 0, 1); 0 // 1
3, 8, (2, 2, 0, 0, 0, 0, 0, 0), (0, 5, 0); 0 // 1
3, 8, (2, 2, 0, 0, 0, 0, 0, 0), (2, 4, 0); 0 // 1
3, 8, (2, 2, 0, 0, 0, 0, 0, 0), (4, 3, 0); 0 // 1
3, 8, (2, 2, 0, 0, 0, 0, 0, 0), (6, 2, 0); 0 // 1
3, 8, (2, 2, 0, 0, 0, 0, 0, 0), (8, 1, 0); 0 // 1
3, 8, (2, 2, 0, 0, 0, 0, 0, 0), (10, 0, 0); 0 // 1
3, 8, (2, 1, 1, 0, 0, 0, 0, 0), (1, 0, 3); 0 // 1
3, 8, (2, 1, 1, 0, 0, 0, 0, 0), (0, 2, 2); 0 // 1
3, 8, (2, 1, 1, 0, 0, 0, 0, 0), (2, 1, 2); 0 // 1
3, 8, (2, 1, 1, 0, 0, 0, 0, 0), (4, 0, 2); 0 // 1
3, 8, (2, 1, 1, 0, 0, 0, 0, 0), (1, 3, 1); 0 // 1
3, 8, (2, 1, 1, 0, 0, 0, 0, 0), (3, 2, 1); 0 // 1
3, 8, (2, 1, 1, 0, 0, 0, 0, 0), (5, 1, 1); 0 // 1
3, 8, (2, 1, 1, 0, 0, 0, 0, 0), (7, 0, 1); 0 // 1
3, 8, (2, 1, 1, 0, 0, 0, 0, 0), (0, 5, 0); 0 // 1
3, 8, (2, 1, 1, 0, 0, 0, 0, 0), (2, 4, 0); 0 // 1
3, 8, (2, 1, 1, 0, 0, 0, 0, 0), (4, 3, 0); 0 // 1
3, 8, (2, 1, 1, 0, 0, 0, 0, 0), (6, 2, 0); 0 // 1
3, 8, (2, 1, 1, 0, 0, 0, 0, 0), (8, 1, 0); 0 // 1
3, 8, (2, 1, 1, 0, 0, 0, 0, 0), (10, 0, 0); 0 // 1
3, 8, (1, 1, 1, 1, 0, 0, 0, 0), (1, 0, 3); 0 // 1
3, 8, (1, 1, 1, 1, 0, 0, 0, 0), (0, 2, 2); 0 // 1
3, 8, (1, 1, 1, 1, 0, 0, 0, 0), (2, 1, 2); 0 // 1
3, 8, (1, 1, 1, 1, 0, 0, 0, 0), (4, 0, 2); 0 // 1
3, 8, (1, 1, 1, 1, 0, 0, 0, 0), (1, 3, 1); 0 // 1
3, 8, (1, 1, 1, 1, 0, 0, 0, 0), (3, 2, 1); 0 // 1
3, 8, (1, 1, 1, 1, 0, 0, 0, 0), (5, 1, 1); 0 // 1
3, 8, (1, 1, 1, 1, 0, 0, 0, 0), (7, 0, 1); 0 // 1
3, 8, (1, 1, 1, 1, 0, 0, 0, 0), (0, 5, 0); 0 // 1
3, 8, (1, 1, 1, 1, 0, 0, 0, 0), (2, 4, 0); 0 // 1
3, 8, (1, 1, 1, 1, 0, 0, 0, 0), (4, 3, 0); 0 // 1
3, 8, (1, 1, 1, 1, 0, 0, 0, 0), (6, 2, 0); 0 // 1
3, 8, (1, 1, 1, 1, 0, 0, 0, 0), (8, 1, 0); 0 // 1
3, 8, (1, 1, 1, 1, 0, 0, 0, 0), (10, 0, 0); 0 // 1
3, 8, (5, 0, 0, 0, 0, 0, 0, 0), (0, 0, 3); 0 // 1
3, 8, (5, 0, 0, 0, 0, 0, 0, 0), (1, 1, 2); 0 // 1
3, 8, (5, 0, 0, 0, 0, 0, 0, 0), (3, 0, 2); 0 // 1
3, 8, (5, 0, 0, 0, 0, 0, 0, 0), (0, 3, 1); 0 // 1
3, 8, (5, 0, 0, 0, 0, 0, 0, 0), (2, 2, 1); 0 // 1
3, 8, (5, 0, 0, 0, 0, 0, 0, 0), (4, 1, 1); 0 // 1
3, 8, (5, 0, 0, 0, 0, 0, 0, 0), (6, 0, 1); 0 // 1
3, 8, (5, 0, 0, 0, 0, 0, 0, 0), (1, 4, 0); 0 // 1
3, 8, (5, 0, 0, 0, 0, 0, 0, 0), (3, 3, 0); 0 // 1
3, 8, (5, 0, 0, 0, 0, 0, 0, 0), (5, 2, 0); 0 // 1
3, 8, (5, 0, 0, 0, 0, 0, 0, 0), (7, 1, 0); 0 // 1
3, 8, (5, 0, 0, 0, 0, 0, 0, 0), (9, 0, 0); 0 // 1
3, 8, (4, 1, 0, 0, 0, 0, 0, 0), (0, 0, 3); 0 // 1
3, 8, (4, 1, 0, 0, 0, 0, 0, 0), (1, 1, 2); 0 // 1
3, 8, (4, 1, 0, 0, 0, 0, 0, 0), (3, 0, 2); 0 // 1
3, 8, (4, 1, 0, 0, 0, 0, 0, 0), (0, 3, 1); 0 // 1
3, 8, (4, 1, 0, 0, 0, 0, 0, 0), (2, 2, 1); 0 // 1
3, 8, (4, 1, 0, 0, 0, 0, 0, 0), (4, 1, 1); 0 // 1
3, 8, (4, 1, 0, 0, 0, 0, 0, 0), (6, 0, 1); 0 // 1
3, 8, (4, 1, 0, 0, 0, 0, 0, 0), (1, 4, 0); 0 // 1
3, 8, (4, 1, 0, 0, 0, 0, 0, 0), (3, 3, 0); 0 // 1
3, 8, (4, 1, 0, 0, 0, 0, 0, 0), (5, 2, 0); 0 // 1
3, 8, (4, 1, 0, 0, 0, 0, 0, 0), (7, 1, 0); 0 // 1
3, 8, (4, 1, 0, 0, 0, 0, 0, 0), (9, 0, 0); 0 // 1
3, 8, (3, 2, 0, 0, 0, 0, 0, 0), (0, 0, 3); 0 // 1
3, 8, (3, 2, 0, 0, 0, 0, 0, 0), (1, 1, 2); 0 // 1
3, 8, (3, 2, 0, 0, 0, 0, 0, 0), (3, 0, 2); 0 // 1
3, 8, (3, 2, 0, 0, 0, 0, 0, 0), (0, 3, 1); 0 // 1
3, 8, (3, 2, 0, 0, 0, 0, 0, 0), (2, 2, 1); 0 // 1
3, 8, (3, 2, 0, 0, 0, 0, 0, 0), (4, 1, 1); 0 // 1
3, 8, (3, 2, 0, 0, 0, 0, 0, 0), (6, 0, 1); 0 // 1
3, 8, (3, 2, 0, 0, 0, 0, 0, 0), (1, 4, 0); 0 // 1
3, 8, (3, 2, 0, 0, 0, 0, 0, 0), (3, 3, 0); 0 // 1
3, 8, (3, 2, 0, 0, 0, 0, 0, 0), (5, 2, 0); 0 // 1
3, 8, (3, 2, 0, 0, 0, 0, 0, 0), (7, 1, 0); 0 // 1
3, 8, (3, 2, 0, 0, 0, 0, 0, 0), (9, 0, 0); 0 // 1
3, 8, (3, 1, 1, 0, 0, 0, 0, 0), (0, 0, 3); 0 // 1
3, 8, (3, 1, 1, 0, 0, 0, 0, 0), (1, 1, 2); 0 // 1
3, 8, (3, 1, 1, 0, 0, 0, 0, 0), (3, 0, 2); 0 // 1
3, 8, (3, 1, 1, 0, 0, 0, 0, 0), (0, 3, 1); 0 // 1
3, 8, (3, 1, 1, 0, 0, 0, 0, 0), (2, 2, 1); 0 // 1
3, 8, (3, 1, 1, 0, 0, 0, 0, 0), (4, 1, 1); 0 // 1
3, 8, (3, 1, 1, 0, 0, 0, 0, 0), (6, 0, 1); 0 // 1
3, 8, (3, 1, 1, 0, 0, 0, 0, 0), (1, 4, 0); 0 // 1
3, 8, (3, 1, 1, 0, 0, 0, 0, 0), (3, 3, 0); 0 // 1
3, 8, (3, 1, 1, 0, 0, 0, 0, 0), (5, 2, 0); 0 // 1
3, 8, (3, 1, 1, 0, 0, 0, 0, 0), (7, 1, 0); 0 // 1
3, 8, (3, 1, 1, 0, 0, 0, 0, 0), (9, 0, 0); 0 // 1
3, 8, (2, 2, 1, 0, 0, 0, 0, 0), (0, 0, 3); 0 // 1
3, 8, (2, 2, 1, 0, 0, 0, 0, 0), (1, 1, 2); 0 // 1
3, 8, (2, 2, 1, 0, 0, 0, 0, 0), (3, 0, 2); 0 // 1
3, 8, (2, 2, 1, 0, 0, 0, 0, 0), (0, 3, 1); 0 // 1
3, 8, (2, 2, 1, 0, 0, 0, 0, 0), (2, 2, 1); 0 // 1
3, 8, (2, 2, 1, 0, 0, 0, 0, 0), (4, 1, 1); 0 // 1
3, 8, (2, 2, 1, 0, 0, 0, 0, 0), (6, 0, 1); 0 // 1
3, 8, (2, 2, 1, 0, 0, 0, 0, 0), (1, 4, 0); 0 // 1
3, 8, (2, 2, 1, 0, 0, 0, 0, 0), (3, 3, 0); 0 // 1
3, 8, (2, 2, 1, 0, 0, 0, 0, 0), (5, 2, 0); 0 // 1
3, 8, (2, 2, 1, 0, 0, 0, 0, 0), (7, 1, 0); 0 // 1
3, 8, (2, 2, 1, 0, 0, 0, 0, 0), (9, 0, 0); 0 // 1
3, 8, (2, 1, 1, 1, 0, 0, 0, 0), (0, 0, 3); 0 // 1
3, 8, (2, 1, 1, 1, 0, 0, 0, 0), (1, 1, 2); 0 // 1
3, 8, (2, 1, 1, 1, 0, 0, 0, 0), (3, 0, 2); 0 // 1
3, 8, (2, 1, 1, 1, 0, 0, 0, 0), (0, 3, 1); 0 // 1
3, 8, (2, 1, 1, 1, 0, 0, 0, 0), (2, 2, 1); 0 // 1
3, 8, (2, 1, 1, 1, 0, 0, 0, 0), (4, 1, 1); 0 // 1
3, 8, (2, 1, 1, 1, 0, 0, 0, 0), (6, 0, 1); 0 // 1
3, 8, (2, 1, 1, 1, 0, 0, 0, 0), (1, 4, 0); 0 // 1
3, 8, (2, 1, 1, 1, 0, 0, 0, 0), (3, 3, 0); 0 // 1
3, 8, (2, 1, 1, 1, 0, 0, 0, 0), (5, 2, 0); 0 // 1
3, 8, (2, 1, 1, 1, 0, 0, 0, 0), (7, 1, 0); 0 // 1
3, 8, (2, 1, 1, 1, 0, 0, 0, 0), (9, 0, 0); 0 // 1
3, 8, (1, 1, 1, 1, 1, 0, 0, 0), (0, 0, 3); 0 // 1
3, 8, (1, 1, 1, 1, 1, 0, 0, 0), (1, 1, 2); 0 // 1
3, 8, (1, 1, 1, 1, 1, 0, 0, 0), (3, 0, 2); 0 // 1
3, 8, (1, 1, 1, 1, 1, 0, 0, 0), (0, 3, 1); 0 // 1
3, 8, (1, 1, 1, 1, 1, 0, 0, 0), (2, 2, 1); 0 // 1
3, 8, (1, 1, 1, 1, 1, 0, 0, 0), (4, 1, 1); 0 // 1
3, 8, (1, 1, 1, 1, 1, 0, 0, 0), (6, 0, 1); 0 // 1
3, 8, (1, 1, 1, 1, 1, 0, 0, 0), (1, 4, 0); 0 // 1
3, 8, (1, 1, 1, 1, 1, 0, 0, 0), (3, 3, 0); 0 // 1
3, 8, (1, 1, 1, 1, 1, 0, 0, 0), (5, 2, 0); 0 // 1
3, 8, (1, 1, 1, 1, 1, 0, 0, 0), (7, 1, 0); 0 // 1
3, 8, (1, 1, 1, 1, 1, 0, 0, 0), (9, 0, 0); 0 // 1
3, 8, (6, 0, 0, 0, 0, 0, 0, 0), (0, 1, 2); 0 // 1
3, 8, (6, 0, 0, 0, 0, 0, 0, 0), (2, 0, 2); 0 // 1
3, 8, (6, 0, 0, 0, 0, 0, 0, 0), (1, 2, 1); 0 // 1
3, 8, (6, 0, 0, 0, 0, 0, 0, 0), (3, 1, 1); 0 // 1
3, 8, (6, 0, 0, 0, 0, 0, 0, 0), (5, 0, 1); 0 // 1
3, 8, (6, 0, 0, 0, 0, 0, 0, 0), (0, 4, 0); 0 // 1
3, 8, (6, 0, 0, 0, 0, 0, 0, 0), (2, 3, 0); 0 // 1
3, 8, (6, 0, 0, 0, 0, 0, 0, 0), (4, 2, 0); 0 // 1
3, 8, (6, 0, 0, 0, 0, 0, 0, 0), (6, 1, 0); 0 // 1
3, 8, (6, 0, 0, 0, 0, 0, 0, 0), (8, 0, 0); 0 // 1
3, 8, (5, 1, 0, 0, 0, 0, 0, 0), (0, 1, 2); 0 // 1
3, 8, (5, 1, 0, 0, 0, 0, 0, 0), (2, 0, 2); 0 // 1
3, 8, (5, 1, 0, 0, 0, 0, 0, 0), (1, 2, 1); 0 // 1
3, 8, (5, 1, 0, 0, 0, 0, 0, 0), (3, 1, 1); 0 // 1
3, 8, (5, 1, 0, 0, 0, 0, 0, 0), (5, 0, 1); 0 // 1
3, 8, (5, 1, 0, 0, 0, 0, 0, 0), (0, 4, 0); 0 // 1
3, 8, (5, 1, 0, 0, 0, 0, 0, 0), (2, 3, 0); 0 // 1
3, 8, (5, 1, 0, 0, 0, 0, 0, 0), (4, 2, 0); 0 // 1
3, 8, (5, 1, 0, 0, 0, 0, 0, 0), (6, 1, 0); 0 // 1
3, 8, (5, 1, 0, 0, 0, 0, 0, 0), (8, 0, 0); 0 // 1
3, 8, (4, 2, 0, 0, 0, 0, 0, 0), (0, 1, 2); 0 // 1
3, 8, (4, 2, 0, 0, 0, 0, 0, 0), (2, 0, 2); 0 // 1
3, 8, (4, 2, 0, 0, 0, 0, 0, 0), (1, 2, 1); 0 // 1
3, 8, (4, 2, 0, 0, 0, 0, 0, 0), (3, 1, 1); 0 // 1
3, 8, (4, 2, 0, 0, 0, 0, 0, 0), (5, 0, 1); 0 // 1
3, 8, (4, 2, 0, 0, 0, 0, 0, 0), (0, 4, 0); 0 // 1
3, 8, (4, 2, 0, 0, 0, 0, 0, 0), (2, 3, 0); 0 // 1
3, 8, (4, 2, 0, 0, 0, 0, 0, 0), (4, 2, 0); 0 // 1
3, 8, (4, 2, 0, 0, 0, 0, 0, 0), (6, 1, 0); 0 // 1
3, 8, (4, 2, 0, 0, 0, 0, 0, 0), (8, 0, 0); 0 // 1
3, 8, (3, 3, 0, 0, 0, 0, 0, 0), (0, 1, 2); 0 // 1
3, 8, (3, 3, 0, 0, 0, 0, 0, 0), (2, 0, 2); 0 // 1
3, 8, (3, 3, 0, 0, 0, 0, 0, 0), (1, 2, 1); 0 // 1
3, 8, (3, 3, 0, 0, 0, 0, 0, 0), (3, 1, 1); 0 // 1
3, 8, (3, 3, 0, 0, 0, 0, 0, 0), (5, 0, 1); 0 // 1
3, 8, (3, 3, 0, 0, 0, 0, 0, 0), (0, 4, 0); 0 // 1
3, 8, (3, 3, 0, 0, 0, 0, 0, 0), (2, 3, 0); 0 // 1
3, 8, (3, 3, 0, 0, 0, 0, 0, 0), (4, 2, 0); 0 // 1
3, 8, (3, 3, 0, 0, 0, 0, 0, 0), (6, 1, 0); 0 // 1
3, 8, (3, 3, 0, 0, 0, 0, 0, 0), (8, 0, 0); 0 // 1
3, 8, (4, 1, 1, 0, 0, 0, 0, 0), (0, 1, 2); 0 // 1
3, 8, (4, 1, 1, 0, 0, 0, 0, 0), (2, 0, 2); 0 // 1
3, 8, (4, 1, 1, 0, 0, 0, 0, 0), (1, 2, 1); 0 // 1
3, 8, (4, 1, 1, 0, 0, 0, 0, 0), (3, 1, 1); 0 // 1
3, 8, (4, 1, 1, 0, 0, 0, 0, 0), (5, 0, 1); 0 // 1
3, 8, (4, 1, 1, 0, 0, 0, 0, 0), (0, 4, 0); 0 // 1
3, 8, (4, 1, 1, 0, 0, 0, 0, 0), (2, 3, 0); 0 // 1
3, 8, (4, 1, 1, 0, 0, 0, 0, 0), (4, 2, 0); 0 // 1
3, 8, (4, 1, 1, 0, 0, 0, 0, 0), (6, 1, 0); 0 // 1
3, 8, (4, 1, 1, 0, 0, 0, 0, 0), (8, 0, 0); 0 // 1
3, 8, (3, 2, 1, 0, 0, 0, 0, 0), (0, 1, 2); 0 // 1
3, 8, (3, 2, 1, 0, 0, 0, 0, 0), (2, 0, 2); 0 // 1
3, 8, (3, 2, 1, 0, 0, 0, 0, 0), (1, 2, 1); 0 // 1
3, 8, (3, 2, 1, 0, 0, 0, 0, 0), (3, 1, 1); 0 // 1
3, 8, (3, 2, 1, 0, 0, 0, 0, 0), (5, 0, 1); 0 // 1
3, 8, (3, 2, 1, 0, 0, 0, 0, 0), (0, 4, 0); 0 // 1
3, 8, (3, 2, 1, 0, 0, 0, 0, 0), (2, 3, 0); 0 // 1
3, 8, (3, 2, 1, 0, 0, 0, 0, 0), (4, 2, 0); 0 // 1
3, 8, (3, 2, 1, 0, 0, 0, 0, 0), (6, 1, 0); 0 // 1
3, 8, (3, 2, 1, 0, 0, 0, 0, 0), (8, 0, 0); 0 // 1
3, 8, (2, 2, 2, 0, 0, 0, 0, 0), (0, 1, 2); 0 // 1
3, 8, (2, 2, 2, 0, 0, 0, 0, 0), (2, 0, 2); 0 // 1
3, 8, (2, 2, 2, 0, 0, 0, 0, 0), (1, 2, 1); 0 // 1
3, 8, (2, 2, 2, 0, 0, 0, 0, 0), (3, 1, 1); 0 // 1
3, 8, (2, 2, 2, 0, 0, 0, 0, 0), (5, 0, 1); 0 // 1
3, 8, (2, 2, 2, 0, 0, 0, 0, 0), (0, 4, 0); 0 // 1
3, 8, (2, 2, 2, 0, 0, 0, 0, 0), (2, 3, 0); 0 // 1
3, 8, (2, 2, 2, 0, 0, 0, 0, 0), (4, 2, 0); 0 // 1
3, 8, (2, 2, 2, 0, 0, 0, 0, 0), (6, 1, 0); 0 // 1
3, 8, (2, 2, 2, 0, 0, 0, 0, 0), (8, 0, 0); 0 // 1
3, 8, (3, 1, 1, 1, 0, 0, 0, 0), (0, 1, 2); 0 // 1
3, 8, (3, 1, 1, 1, 0, 0, 0, 0), (2, 0, 2); 0 // 1
3, 8, (3, 1, 1, 1, 0, 0, 0, 0), (1, 2, 1); 0 // 1
3, 8, (3, 1, 1, 1, 0, 0, 0, 0), (3, 1, 1); 0 // 1
3, 8, (3, 1, 1, 1, 0, 0, 0, 0), (5, 0, 1); 0 // 1
3, 8, (3, 1, 1, 1, 0, 0, 0, 0), (0, 4, 0); 0 // 1
3, 8, (3, 1, 1, 1, 0, 0, 0, 0), (2, 3, 0); 0 // 1
3, 8, (3, 1, 1, 1, 0, 0, 0, 0), (4, 2, 0); 0 // 1
3, 8, (3, 1, 1, 1, 0, 0, 0, 0), (6, 1, 0); 0 // 1
3, 8, (3, 1, 1, 1, 0, 0, 0, 0), (8, 0, 0); 0 // 1
3, 8, (2, 2, 1, 1, 0, 0, 0, 0), (0, 1, 2); 0 // 1
3, 8, (2, 2, 1, 1, 0, 0, 0, 0), (2, 0, 2); 0 // 1
3, 8, (2, 2, 1, 1, 0, 0, 0, 0), (1, 2, 1); 0 // 1
3, 8, (2, 2, 1, 1, 0, 0, 0, 0), (3, 1, 1); 0 // 1
3, 8, (2, 2, 1, 1, 0, 0, 0, 0), (5, 0, 1); 0 // 1
3, 8, (2, 2, 1, 1, 0, 0, 0, 0), (0, 4, 0); 0 // 1
3, 8, (2, 2, 1, 1, 0, 0, 0, 0), (2, 3, 0); 0 // 1
3, 8, (2, 2, 1, 1, 0, 0, 0, 0), (4, 2, 0); 0 // 1
3, 8, (2, 2, 1, 1, 0, 0, 0, 0), (6, 1, 0); 0 // 1
3, 8, (2, 2, 1, 1, 0, 0, 0, 0), (8, 0, 0); 0 // 1
3, 8, (2, 1, 1, 1, 1, 0, 0, 0), (0, 1, 2); 0 // 1
3, 8, (2, 1, 1, 1, 1, 0, 0, 0), (2, 0, 2); 0 // 1
3, 8, (2, 1, 1, 1, 1, 0, 0, 0), (1, 2, 1); 0 // 1
3, 8, (2, 1, 1, 1, 1, 0, 0, 0), (3, 1, 1); 0 // 1
3, 8, (2, 1, 1, 1, 1, 0, 0, 0), (5, 0, 1); 0 // 1
3, 8, (2, 1, 1, 1, 1, 0, 0, 0), (0, 4, 0); 0 // 1
3, 8, (2, 1, 1, 1, 1, 0, 0, 0), (2, 3, 0); 0 // 1
3, 8, (2, 1, 1, 1, 1, 0, 0, 0), (4, 2, 0); 0 // 1
3, 8, (2, 1, 1, 1, 1, 0, 0, 0), (6, 1, 0); 0 // 1
3, 8, (2, 1, 1, 1, 1, 0, 0, 0), (8, 0, 0); 0 // 1
3, 8, (1, 1, 1, 1, 1, 1, 0, 0), (0, 1, 2); 0 // 1
3, 8, (1, 1, 1, 1, 1, 1, 0, 0), (2, 0, 2); 0 // 1
3, 8, (1, 1, 1, 1, 1, 1, 0, 0), (1, 2, 1); 0 // 1
3, 8, (1, 1, 1, 1, 1, 1, 0, 0), (3, 1, 1); 0 // 1
3, 8, (1, 1, 1, 1, 1, 1, 0, 0), (5, 0, 1); 0 // 1
3, 8, (1, 1, 1, 1, 1, 1, 0, 0), (0, 4, 0); 0 // 1
3, 8, (1, 1, 1, 1, 1, 1, 0, 0), (2, 3, 0); 0 // 1
3, 8, (1, 1, 1, 1, 1, 1, 0, 0), (4, 2, 0); 0 // 1
3, 8, (1, 1, 1, 1, 1, 1, 0, 0), (6, 1, 0); 0 // 1
3, 8, (1, 1, 1, 1, 1, 1, 0, 0), (8, 0, 0); 0 // 1
3, 8, (7, 0, 0, 0, 0, 0, 0, 0), (1, 0, 2); 0 // 1
3, 8, (7, 0, 0, 0, 0, 0, 0, 0), (0, 2, 1); 0 // 1
3, 8, (7, 0, 0, 0, 0, 0, 0, 0), (2, 1, 1); 0 // 1
3, 8, (7, 0, 0, 0, 0, 0, 0, 0), (4, 0, 1); 0 // 1
3, 8, (7, 0, 0, 0, 0, 0, 0, 0), (1, 3, 0); 0 // 1
3, 8, (7, 0, 0, 0, 0, 0, 0, 0), (3, 2, 0); 0 // 1
3, 8, (7, 0, 0, 0, 0, 0, 0, 0), (5, 1, 0); 0 // 1
3, 8, (7, 0, 0, 0, 0, 0, 0, 0), (7, 0, 0); 0 // 1
3, 8, (6, 1, 0, 0, 0, 0, 0, 0), (1, 0, 2); 0 // 1
3, 8, (6, 1, 0, 0, 0, 0, 0, 0), (0, 2, 1); 0 // 1
3, 8, (6, 1, 0, 0, 0, 0, 0, 0), (2, 1, 1); 0 // 1
3, 8, (6, 1, 0, 0, 0, 0, 0, 0), (4, 0, 1); 0 // 1
3, 8, (6, 1, 0, 0, 0, 0, 0, 0), (1, 3, 0); 0 // 1
3, 8, (6, 1, 0, 0, 0, 0, 0, 0), (3, 2, 0); 0 // 1
3, 8, (6, 1, 0, 0, 0, 0, 0, 0), (5, 1, 0); 0 // 1
3, 8, (6, 1, 0, 0, 0, 0, 0, 0), (7, 0, 0); 0 // 1
3, 8, (5, 2, 0, 0, 0, 0, 0, 0), (1, 0, 2); 0 // 1
3, 8, (5, 2, 0, 0, 0, 0, 0, 0), (0, 2, 1); 0 // 1
3, 8, (5, 2, 0, 0, 0, 0, 0, 0), (2, 1, 1); 0 // 1
3, 8, (5, 2, 0, 0, 0, 0, 0, 0), (4, 0, 1); 0 // 1
3, 8, (5, 2, 0, 0, 0, 0, 0, 0), (1, 3, 0); 0 // 1
3, 8, (5, 2, 0, 0, 0, 0, 0, 0), (3, 2, 0); 0 // 1
3, 8, (5, 2, 0, 0, 0, 0, 0, 0), (5, 1, 0); 0 // 1
3, 8, (5, 2, 0, 0, 0, 0, 0, 0), (7, 0, 0); 0 // 1
3, 8, (4, 3, 0, 0, 0, 0, 0, 0), (1, 0, 2); 0 // 1
3, 8, (4, 3, 0, 0, 0, 0, 0, 0), (0, 2, 1); 0 // 1
3, 8, (4, 3, 0, 0, 0, 0, 0, 0), (2, 1, 1); 0 // 1
3, 8, (4, 3, 0, 0, 0, 0, 0, 0), (4, 0, 1); 0 // 1
3, 8, (4, 3, 0, 0, 0, 0, 0, 0), (1, 3, 0); 0 // 1
3, 8, (4, 3, 0, 0, 0, 0, 0, 0), (3, 2, 0); 0 // 1
3, 8, (4, 3, 0, 0, 0, 0, 0, 0), (5, 1, 0); 0 // 1
3, 8, (4, 3, 0, 0, 0, 0, 0, 0), (7, 0, 0); 0 // 1
3, 8, (5, 1, 1, 0, 0, 0, 0, 0), (1, 0, 2); 0 // 1
3, 8, (5, 1, 1, 0, 0, 0, 0, 0), (0, 2, 1); 0 // 1
3, 8, (5, 1, 1, 0, 0, 0, 0, 0), (2, 1, 1); 0 // 1
3, 8, (5, 1, 1, 0, 0, 0, 0, 0), (4, 0, 1); 0 // 1
3, 8, (5, 1, 1, 0, 0, 0, 0, 0), (1, 3, 0); 0 // 1
3, 8, (5, 1, 1, 0, 0, 0, 0, 0), (3, 2, 0); 0 // 1
3, 8, (5, 1, 1, 0, 0, 0, 0, 0), (5, 1, 0); 0 // 1
3, 8, (5, 1, 1, 0, 0, 0, 0, 0), (7, 0, 0); 0 // 1
3, 8, (4, 2, 1, 0, 0, 0, 0, 0), (1, 0, 2); 0 // 1
3, 8, (4, 2, 1, 0, 0, 0, 0, 0), (0, 2, 1); 0 // 1
3, 8, (4, 2, 1, 0, 0, 0, 0, 0), (2, 1, 1); 0 // 1
3, 8, (4, 2, 1, 0, 0, 0, 0, 0), (4, 0, 1); 0 // 1
3, 8, (4, 2, 1, 0, 0, 0, 0, 0), (1, 3, 0); 0 // 1
3, 8, (4, 2, 1, 0, 0, 0, 0, 0), (3, 2, 0); 0 // 1
3, 8, (4, 2, 1, 0, 0, 0, 0, 0), (5, 1, 0); 0 // 1
3, 8, (4, 2, 1, 0, 0, 0, 0, 0), (7, 0, 0); 0 // 1
3, 8, (3, 3, 1, 0, 0, 0, 0, 0), (1, 0, 2); 0 // 1
3, 8, (3, 3, 1, 0, 0, 0, 0, 0), (0, 2, 1); 0 // 1
3, 8, (3, 3, 1, 0, 0, 0, 0, 0), (2, 1, 1); 0 // 1
3, 8, (3, 3, 1, 0, 0, 0, 0, 0), (4, 0, 1); 0 // 1
3, 8, (3, 3, 1, 0, 0, 0, 0, 0), (1, 3, 0); 0 // 1
3, 8, (3, 3, 1, 0, 0, 0, 0, 0), (3, 2, 0); 0 // 1
3, 8, (3, 3, 1, 0, 0, 0, 0, 0), (5, 1, 0); 0 // 1
3, 8, (3, 3, 1, 0, 0, 0, 0, 0), (7, 0, 0); 0 // 1
3, 8, (3, 2, 2, 0, 0, 0, 0, 0), (1, 0, 2); 0 // 1
3, 8, (3, 2, 2, 0, 0, 0, 0, 0), (0, 2, 1); 0 // 1
3, 8, (3, 2, 2, 0, 0, 0, 0, 0), (2, 1, 1); 0 // 1
3, 8, (3, 2, 2, 0, 0, 0, 0, 0), (4, 0, 1); 0 // 1
3, 8, (3, 2, 2, 0, 0, 0, 0, 0), (1, 3, 0); 0 // 1
3, 8, (3, 2, 2, 0, 0, 0, 0, 0), (3, 2, 0); 0 // 1
3, 8, (3, 2, 2, 0, 0, 0, 0, 0), (5, 1, 0); 0 // 1
3, 8, (3, 2, 2, 0, 0, 0, 0, 0), (7, 0, 0); 0 // 1
3, 8, (4, 1, 1, 1, 0, 0, 0, 0), (1, 0, 2); 0 // 1
3, 8, (4, 1, 1, 1, 0, 0, 0, 0), (0, 2, 1); 0 // 1
3, 8, (4, 1, 1, 1, 0, 0, 0, 0), (2, 1, 1); 0 // 1
3, 8, (4, 1, 1, 1, 0, 0, 0, 0), (4, 0, 1); 0 // 1
3, 8, (4, 1, 1, 1, 0, 0, 0, 0), (1, 3, 0); 0 // 1
3, 8, (4, 1, 1, 1, 0, 0, 0, 0), (3, 2, 0); 0 // 1
3, 8, (4, 1, 1, 1, 0, 0, 0, 0), (5, 1, 0); 0 // 1
3, 8, (4, 1, 1, 1, 0, 0, 0, 0), (7, 0, 0); 0 // 1
3, 8, (3, 2, 1, 1, 0, 0, 0, 0), (1, 0, 2); 0 // 1
3, 8, (3, 2, 1, 1, 0, 0, 0, 0), (0, 2, 1); 0 // 1
3, 8, (3, 2, 1, 1, 0, 0, 0, 0), (2, 1, 1); 0 // 1
3, 8, (3, 2, 1, 1, 0, 0, 0, 0), (4, 0, 1); 0 // 1
3, 8, (3, 2, 1, 1, 0, 0, 0, 0), (1, 3, 0); 0 // 1
3, 8, (3, 2, 1, 1, 0, 0, 0, 0), (3, 2, 0); 0 // 1
3, 8, (3, 2, 1, 1, 0, 0, 0, 0), (5, 1, 0); 0 // 1
3, 8, (3, 2, 1, 1, 0, 0, 0, 0), (7, 0, 0); 0 // 1
3, 8, (2, 2, 2, 1, 0, 0, 0, 0), (1, 0, 2); 0 // 1
3, 8, (2, 2, 2, 1, 0, 0, 0, 0), (0, 2, 1); 0 // 1
3, 8, (2, 2, 2, 1, 0, 0, 0, 0), (2, 1, 1); 0 // 1
3, 8, (2, 2, 2, 1, 0, 0, 0, 0), (4, 0, 1); 0 // 1
3, 8, (2, 2, 2, 1, 0, 0, 0, 0), (1, 3, 0); 0 // 1
3, 8, (2, 2, 2, 1, 0, 0, 0, 0), (3, 2, 0); 0 // 1
3, 8, (2, 2, 2, 1, 0, 0, 0, 0), (5, 1, 0); 0 // 1
3, 8, (2, 2, 2, 1, 0, 0, 0, 0), (7, 0, 0); 0 // 1
3, 8, (3, 1, 1, 1, 1, 0, 0, 0), (1, 0, 2); 0 // 1
3, 8, (3, 1, 1, 1, 1, 0, 0, 0), (0, 2, 1); 0 // 1
3, 8, (3, 1, 1, 1, 1, 0, 0, 0), (2, 1, 1); 0 // 1
3, 8, (3, 1, 1, 1, 1, 0, 0, 0), (4, 0, 1); 0 // 1
3, 8, (3, 1, 1, 1, 1, 0, 0, 0), (1, 3, 0); 0 // 1
3, 8, (3, 1, 1, 1, 1, 0, 0, 0), (3, 2, 0); 0 // 1
3, 8, (3, 1, 1, 1, 1, 0, 0, 0), (5, 1, 0); 0 // 1
3, 8, (3, 1, 1, 1, 1, 0, 0, 0), (7, 0, 0); 0 // 1
3, 8, (2, 2, 1, 1, 1, 0, 0, 0), (1, 0, 2); 0 // 1
3, 8, (2, 2, 1, 1, 1, 0, 0, 0), (0, 2, 1); 0 // 1
3, 8, (2, 2, 1, 1, 1, 0, 0, 0), (2, 1, 1); 0 // 1
3, 8, (2, 2, 1, 1, 1, 0, 0, 0), (4, 0, 1); 0 // 1
3, 8, (2, 2, 1, 1, 1, 0, 0, 0), (1, 3, 0); 0 // 1
3, 8, (2, 2, 1, 1, 1, 0, 0, 0), (3, 2, 0); 0 // 1
3, 8, (2, 2, 1, 1, 1, 0, 0, 0), (5, 1, 0); 0 // 1
3, 8, (2, 2, 1, 1, 1, 0, 0, 0), (7, 0, 0); 0 // 1
3, 8, (2, 1, 1, 1, 1, 1, 0, 0), (1, 0, 2); 0 // 1
3, 8, (2, 1, 1, 1, 1, 1, 0, 0), (0, 2, 1); 0 // 1
3, 8, (2, 1, 1, 1, 1, 1, 0, 0), (2, 1, 1); 0 // 1
3, 8, (2, 1, 1, 1, 1, 1, 0, 0), (4, 0, 1); 0 // 1
3, 8, (2, 1, 1, 1, 1, 1, 0, 0), (1, 3, 0); 0 // 1
3, 8, (2, 1, 1, 1, 1, 1, 0, 0), (3, 2, 0); 0 // 1
3, 8, (2, 1, 1, 1, 1, 1, 0, 0), (5, 1, 0); 0 // 1
3, 8, (2, 1, 1, 1, 1, 1, 0, 0), (7, 0, 0); 0 // 1
3, 8, (1, 1, 1, 1, 1, 1, 1, 0), (1, 0, 2); 0 // 1
3, 8, (1, 1, 1, 1, 1, 1, 1, 0), (0, 2, 1); 0 // 1
3, 8, (1, 1, 1, 1, 1, 1, 1, 0), (2, 1, 1); 0 // 1
3, 8, (1, 1, 1, 1, 1, 1, 1, 0), (4, 0, 1); 0 // 1
3, 8, (1, 1, 1, 1, 1, 1, 1, 0), (1, 3, 0); 0 // 1
3, 8, (1, 1, 1, 1, 1, 1, 1, 0), (3, 2, 0); 0 // 1
3, 8, (1, 1, 1, 1, 1, 1, 1, 0), (5, 1, 0); 0 // 1
3, 8, (1, 1, 1, 1, 1, 1, 1, 0), (7, 0, 0); 0 // 1
3, 8, (8, 0, 0, 0, 0, 0, 0, 0), (0, 0, 2); 0 // 1
3, 8, (8, 0, 0, 0, 0, 0, 0, 0), (1, 1, 1); 1 // 362880
3, 8, (8, 0, 0, 0, 0, 0, 0, 0), (3, 0, 1); 1 // 181440
3, 8, (8, 0, 0, 0, 0, 0, 0, 0), (0, 3, 0); 1 // 181440
3, 8, (8, 0, 0, 0, 0, 0, 0, 0), (2, 2, 0); 1 // 90720
3, 8, (8, 0, 0, 0, 0, 0, 0, 0), (4, 1, 0); 1 // 45360
3, 8, (8, 0, 0, 0, 0, 0, 0, 0), (6, 0, 0); 1 // 22680
3, 8, (7, 1, 0, 0, 0, 0, 0, 0), (0, 0, 2); 0 // 1
3, 8, (7, 1, 0, 0, 0, 0, 0, 0), (1, 1, 1); 11 // 362880
3, 8, (7, 1, 0, 0, 0, 0, 0, 0), (3, 0, 1); 11 // 181440
3, 8, (7, 1, 0, 0, 0, 0, 0, 0), (0, 3, 0); 11 // 181440
3, 8, (7, 1, 0, 0, 0, 0, 0, 0), (2, 2, 0); 11 // 90720
3, 8, (7, 1, 0, 0, 0, 0, 0, 0), (4, 1, 0); 11 // 45360
3, 8, (7, 1, 0, 0, 0, 0, 0, 0), (6, 0, 0); 11 // 22680
3, 8, (6, 2, 0, 0, 0, 0, 0, 0), (0, 0, 2); 0 // 1
3, 8, (6, 2, 0, 0, 0, 0, 0, 0), (1, 1, 1); 23 // 181440
3, 8, (6, 2, 0, 0, 0, 0, 0, 0), (3, 0, 1); 23 // 90720
3, 8, (6, 2, 0, 0, 0, 0, 0, 0), (0, 3, 0); 23 // 90720
3, 8, (6, 2, 0, 0, 0, 0, 0, 0), (2, 2, 0); 23 // 45360
3, 8, (6, 2, 0, 0, 0, 0, 0, 0), (4, 1, 0); 23 // 22680
3, 8, (6, 2, 0, 0, 0, 0, 0, 0), (6, 0, 0); 23 // 11340
3, 8, (5, 3, 0, 0, 0, 0, 0, 0), (0, 0, 2); 0 // 1
3, 8, (5, 3, 0, 0, 0, 0, 0, 0), (1, 1, 1); 101 // 362880
3, 8, (5, 3, 0, 0, 0, 0, 0, 0), (3, 0, 1); 101 // 181440
3, 8, (5, 3, 0, 0, 0, 0, 0, 0), (0, 3, 0); 101 // 181440
3, 8, (5, 3, 0, 0, 0, 0, 0, 0), (2, 2, 0); 101 // 90720
3, 8, (5, 3, 0, 0, 0, 0, 0, 0), (4, 1, 0); 101 // 45360
3, 8, (5, 3, 0, 0, 0, 0, 0, 0), (6, 0, 0); 101 // 22680
3, 8, (4, 4, 0, 0, 0, 0, 0, 0), (0, 0, 2); 0 // 1
3, 8, (4, 4, 0, 0, 0, 0, 0, 0), (1, 1, 1); 13 // 36288
3, 8, (4, 4, 0, 0, 0, 0, 0, 0), (3, 0, 1); 13 // 18144
3, 8, (4, 4, 0, 0, 0, 0, 0, 0), (0, 3, 0); 13 // 18144
3, 8, (4, 4, 0, 0, 0, 0, 0, 0), (2, 2, 0); 13 // 9072
3, 8, (4, 4, 0, 0, 0, 0, 0, 0), (4, 1, 0); 13 // 4536
3, 8, (4, 4, 0, 0, 0, 0, 0, 0), (6, 0, 0); 13 // 2268
3, 8, (6, 1, 1, 0, 0, 0, 0, 0), (0, 0, 2); 0 // 1
3, 8, (6, 1, 1, 0, 0, 0, 0, 0), (1, 1, 1); 11 // 36288
3, 8, (6, 1, 1, 0, 0, 0, 0, 0), (3, 0, 1); 11 // 18144
3, 8, (6, 1, 1, 0, 0, 0, 0, 0), (0, 3, 0); 11 // 18144
3, 8, (6, 1, 1, 0, 0, 0, 0, 0), (2, 2, 0); 11 // 9072
3, 8, (6, 1, 1, 0, 0, 0, 0, 0), (4, 1, 0); 11 // 4536
3, 8, (6, 1, 1, 0, 0, 0, 0, 0), (6, 0, 0); 11 // 2268
3, 8, (5, 2, 1, 0, 0, 0, 0, 0), (0, 0, 2); 0 // 1
3, 8, (5, 2, 1, 0, 0, 0, 0, 0), (1, 1, 1); 11 // 10080
3, 8, (5, 2, 1, 0, 0, 0, 0, 0), (3, 0, 1); 11 // 5040
3, 8, (5, 2, 1, 0, 0, 0, 0, 0), (0, 3, 0); 11 // 5040
3, 8, (5, 2, 1, 0, 0, 0, 0, 0), (2, 2, 0); 11 // 2520
3, 8, (5, 2, 1, 0, 0, 0, 0, 0), (4, 1, 0); 11 // 1260
3, 8, (5, 2, 1, 0, 0, 0, 0, 0), (6, 0, 0); 11 // 630
3, 8, (4, 3, 1, 0, 0, 0, 0, 0), (0, 0, 2); 0 // 1
3, 8, (4, 3, 1, 0, 0, 0, 0, 0), (1, 1, 1); 143 // 72576
3, 8, (4, 3, 1, 0, 0, 0, 0, 0), (3, 0, 1); 143 // 36288
3, 8, (4, 3, 1, 0, 0, 0, 0, 0), (0, 3, 0); 143 // 36288
3, 8, (4, 3, 1, 0, 0, 0, 0, 0), (2, 2, 0); 143 // 18144
3, 8, (4, 3, 1, 0, 0, 0, 0, 0), (4, 1, 0); 143 // 9072
3, 8, (4, 3, 1, 0, 0, 0, 0, 0), (6, 0, 0); 143 // 4536
3, 8, (4, 2, 2, 0, 0, 0, 0, 0), (0, 0, 2); 0 // 1
3, 8, (4, 2, 2, 0, 0, 0, 0, 0), (1, 1, 1); 13 // 4032
3, 8, (4, 2, 2, 0, 0, 0, 0, 0), (3, 0, 1); 13 // 2016
3, 8, (4, 2, 2, 0, 0, 0, 0, 0), (0, 3, 0); 13 // 2016
3, 8, (4, 2, 2, 0, 0, 0, 0, 0), (2, 2, 0); 13 // 1008
3, 8, (4, 2, 2, 0, 0, 0, 0, 0), (4, 1, 0); 13 // 504
3, 8, (4, 2, 2, 0, 0, 0, 0, 0), (6, 0, 0); 13 // 252
3, 8, (3, 3, 2, 0, 0, 0, 0, 0), (0, 0, 2); 0 // 1
3, 8, (3, 3, 2, 0, 0, 0, 0, 0), (1, 1, 1); 41 // 9072
3, 8, (3, 3, 2, 0, 0, 0, 0, 0), (3, 0, 1); 41 // 4536
3, 8, (3, 3, 2, 0, 0, 0, 0, 0), (0, 3, 0); 41 // 4536
3, 8, (3, 3, 2, 0, 0, 0, 0, 0), (2, 2, 0); 41 // 2268
3, 8, (3, 3, 2, 0, 0, 0, 0, 0), (4, 1, 0); 41 // 1134
3, 8, (3, 3, 2, 0, 0, 0, 0, 0), (6, 0, 0); 41 // 567
3, 8, (5, 1, 1, 1, 0, 0, 0, 0), (0, 0, 2); 0 // 1
3, 8, (5, 1, 1, 1, 0, 0, 0, 0), (1, 1, 1); 11 // 4032
3, 8, (5, 1, 1, 1, 0, 0, 0, 0), (3, 0, 1); 11 // 2016
3, 8, (5, 1, 1, 1, 0, 0, 0, 0), (0, 3, 0); 11 // 2016
3, 8, (5, 1, 1, 1, 0, 0, 0, 0), (2, 2, 0); 11 // 1008
3, 8, (5, 1, 1, 1, 0, 0, 0, 0), (4, 1, 0); 11 // 504
3, 8, (5, 1, 1, 1, 0, 0, 0, 0), (6, 0, 0); 11 // 252
3, 8, (4, 2, 1, 1, 0, 0, 0, 0), (0, 0, 2); 0 // 1
3, 8, (4, 2, 1, 1, 0, 0, 0, 0), (1, 1, 1); 11 // 1344
3, 8, (4, 2, 1, 1, 0, 0, 0, 0), (3, 0, 1); 11 // 672
3, 8, (4, 2, 1, 1, 0, 0, 0, 0), (0, 3, 0); 11 // 672
3, 8, (4, 2, 1, 1, 0, 0, 0, 0), (2, 2, 0); 11 // 336
3, 8, (4, 2, 1, 1, 0, 0, 0, 0), (4, 1, 0); 11 // 168
3, 8, (4, 2, 1, 1, 0, 0, 0, 0), (6, 0, 0); 11 // 84
3, 8, (3, 3, 1, 1, 0, 0, 0, 0), (0, 0, 2); 0 // 1
3, 8, (3, 3, 1, 1, 0, 0, 0, 0), (1, 1, 1); 209 // 18144
3, 8, (3, 3, 1, 1, 0, 0, 0, 0), (3, 0, 1); 209 // 9072
3, 8, (3, 3, 1, 1, 0, 0, 0, 0), (0, 3, 0); 209 // 9072
3, 8, (3, 3, 1, 1, 0, 0, 0, 0), (2, 2, 0); 209 // 4536
3, 8, (3, 3, 1, 1, 0, 0, 0, 0), (4, 1, 0); 209 // 2268
3, 8, (3, 3, 1, 1, 0, 0, 0, 0), (6, 0, 0); 209 // 1134
3, 8, (3, 2, 2, 1, 0, 0, 0, 0), (0, 0, 2); 0 // 1
3, 8, (3, 2, 2, 1, 0, 0, 0, 0), (1, 1, 1); 11 // 576
3, 8, (3, 2, 2, 1, 0, 0, 0, 0), (3, 0, 1); 11 // 288
3, 8, (3, 2, 2, 1, 0, 0, 0, 0), (0, 3, 0); 11 // 288
3, 8, (3, 2, 2, 1, 0, 0, 0, 0), (2, 2, 0); 11 // 144
3, 8, (3, 2, 2, 1, 0, 0, 0, 0), (4, 1, 0); 11 // 72
3, 8, (3, 2, 2, 1, 0, 0, 0, 0), (6, 0, 0); 11 // 36
3, 8, (2, 2, 2, 2, 0, 0, 0, 0), (0, 0, 2); 0 // 1
3, 8, (2, 2, 2, 2, 0, 0, 0, 0), (1, 1, 1); 2 // 63
3, 8, (2, 2, 2, 2, 0, 0, 0, 0), (3, 0, 1); 4 // 63
3, 8, (2, 2, 2, 2, 0, 0, 0, 0), (0, 3, 0); 4 // 63
3, 8, (2, 2, 2, 2, 0, 0, 0, 0), (2, 2, 0); 8 // 63
3, 8, (2, 2, 2, 2, 0, 0, 0, 0), (4, 1, 0); 16 // 63
3, 8, (2, 2, 2, 2, 0, 0, 0, 0), (6, 0, 0); 32 // 63
3, 8, (4, 1, 1, 1, 1, 0, 0, 0), (0, 0, 2); 0 // 1
3, 8, (4, 1, 1, 1, 1, 0, 0, 0), (1, 1, 1); 11 // 504
3, 8, (4, 1, 1, 1, 1, 0, 0, 0), (3, 0, 1); 11 // 252
3, 8, (4, 1, 1, 1, 1, 0, 0, 0), (0, 3, 0); 11 // 252
3, 8, (4, 1, 1, 1, 1, 0, 0, 0), (2, 2, 0); 11 // 126
3, 8, (4, 1, 1, 1, 1, 0, 0, 0), (4, 1, 0); 11 // 63
3, 8, (4, 1, 1, 1, 1, 0, 0, 0), (6, 0, 0); 22 // 63
3, 8, (3, 2, 1, 1, 1, 0, 0, 0), (0, 0, 2); 0 // 1
3, 8, (3, 2, 1, 1, 1, 0, 0, 0), (1, 1, 1); 209 // 4032
3, 8, (3, 2, 1, 1, 1, 0, 0, 0), (3, 0, 1); 209 // 2016
3, 8, (3, 2, 1, 1, 1, 0, 0, 0), (0, 3, 0); 209 // 2016
3, 8, (3, 2, 1, 1, 1, 0, 0, 0), (2, 2, 0); 209 // 1008
3, 8, (3, 2, 1, 1, 1, 0, 0, 0), (4, 1, 0); 209 // 504
3, 8, (3, 2, 1, 1, 1, 0, 0, 0), (6, 0, 0); 209 // 252
3, 8, (2, 2, 2, 1, 1, 0, 0, 0), (0, 0, 2); 0 // 1
3, 8, (2, 2, 2, 1, 1, 0, 0, 0), (1, 1, 1); 11 // 126
3, 8, (2, 2, 2, 1, 1, 0, 0, 0), (3, 0, 1); 11 // 63
3, 8, (2, 2, 2, 1, 1, 0, 0, 0), (0, 3, 0); 11 // 63
3, 8, (2, 2, 2, 1, 1, 0, 0, 0), (2, 2, 0); 22 // 63
3, 8, (2, 2, 2, 1, 1, 0, 0, 0), (4, 1, 0); 44 // 63
3, 8, (2, 2, 2, 1, 1, 0, 0, 0), (6, 0, 0); 88 // 63
3, 8, (3, 1, 1, 1, 1, 1, 0, 0), (0, 0, 2); 0 // 1
3, 8, (3, 1, 1, 1, 1, 1, 0, 0), (1, 1, 1); 11 // 72
3, 8, (3, 1, 1, 1, 1, 1, 0, 0), (3, 0, 1); 11 // 36
3, 8, (3, 1, 1, 1, 1, 1, 0, 0), (0, 3, 0); 11 // 36
3, 8, (3, 1, 1, 1, 1, 1, 0, 0), (2, 2, 0); 11 // 18
3, 8, (3, 1, 1, 1, 1, 1, 0, 0), (4, 1, 0); 11 // 9
3, 8, (3, 1, 1, 1, 1, 1, 0, 0), (6, 0, 0); 22 // 9
3, 8, (2, 2, 1, 1, 1, 1, 0, 0), (0, 0, 2); 0 // 1
3, 8, (2, 2, 1, 1, 1, 1, 0, 0), (1, 1, 1); 11 // 42
3, 8, (2, 2, 1, 1, 1, 1, 0, 0), (3, 0, 1); 11 // 21
3, 8, (2, 2, 1, 1, 1, 1, 0, 0), (0, 3, 0); 11 // 21
3, 8, (2, 2, 1, 1, 1, 1, 0, 0), (2, 2, 0); 22 // 21
3, 8, (2, 2, 1, 1, 1, 1, 0, 0), (4, 1, 0); 44 // 21
3, 8, (2, 2, 1, 1, 1, 1, 0, 0), (6, 0, 0); 88 // 21
3, 8, (2, 1, 1, 1, 1, 1, 1, 0), (0, 0, 2); 0 // 1
3, 8, (2, 1, 1, 1, 1, 1, 1, 0), (1, 1, 1); 11 // 12
3, 8, (2, 1, 1, 1, 1, 1, 1, 0), (3, 0, 1); 11 // 6
3, 8, (2, 1, 1, 1, 1, 1, 1, 0), (0, 3, 0); 11 // 6
3, 8, (2, 1, 1, 1, 1, 1, 1, 0), (2, 2, 0); 11 // 3
3, 8, (2, 1, 1, 1, 1, 1, 1, 0), (4, 1, 0); 22 // 3
3, 8, (2, 1, 1, 1, 1, 1, 1, 0), (6, 0, 0); 44 // 3
3, 8, (1, 1, 1, 1, 1, 1, 1, 1), (0, 0, 2); 0 // 1
3, 8, (1, 1, 1, 1, 1, 1, 1, 1), (1, 1, 1); 55 // 12
3, 8, (1, 1, 1, 1, 1, 1, 1, 1), (3, 0, 1); 55 // 6
3, 8, (1, 1, 1, 1, 1, 1, 1, 1), (0, 3, 0); 55 // 6
3, 8, (1, 1, 1, 1, 1, 1, 1, 1), (2, 2, 0); 55 // 3
3, 8, (1, 1, 1, 1, 1, 1, 1, 1), (4, 1, 0); 110 // 3
3, 8, (1, 1, 1, 1, 1, 1, 1, 1), (6, 0, 0); 220 // 3
3, 8, (9, 0, 0, 0, 0, 0, 0, 0), (0, 1, 1); 1 // 120960
3, 8, (9, 0, 0, 0, 0, 0, 0, 0), (2, 0, 1); 1 // 60480
3, 8, (9, 0, 0, 0, 0, 0, 0, 0), (1, 2, 0); 1 // 30240
3, 8, (9, 0, 0, 0, 0, 0, 0, 0), (3, 1, 0); 1 // 15120
3, 8, (9, 0, 0, 0, 0, 0, 0, 0), (5, 0, 0); 1 // 7560
3, 8, (8, 1, 0, 0, 0, 0, 0, 0), (0, 1, 1); 11 // 120960
3, 8, (8, 1, 0, 0, 0, 0, 0, 0), (2, 0, 1); 11 // 60480
3, 8, (8, 1, 0, 0, 0, 0, 0, 0), (1, 2, 0); 11 // 30240
3, 8, (8, 1, 0, 0, 0, 0, 0, 0), (3, 1, 0); 11 // 15120
3, 8, (8, 1, 0, 0, 0, 0, 0, 0), (5, 0, 0); 11 // 7560
3, 8, (7, 2, 0, 0, 0, 0, 0, 0), (0, 1, 1); 5 // 12096
3, 8, (7, 2, 0, 0, 0, 0, 0, 0), (2, 0, 1); 5 // 6048
3, 8, (7, 2, 0, 0, 0, 0, 0, 0), (1, 2, 0); 5 // 3024
3, 8, (7, 2, 0, 0, 0, 0, 0, 0), (3, 1, 0); 5 // 1512
3, 8, (7, 2, 0, 0, 0, 0, 0, 0), (5, 0, 0); 5 // 756
3, 8, (6, 3, 0, 0, 0, 0, 0, 0), (0, 1, 1); 1 // 960
3, 8, (6, 3, 0, 0, 0, 0, 0, 0), (2, 0, 1); 1 // 480
3, 8, (6, 3, 0, 0, 0, 0, 0, 0), (1, 2, 0); 1 // 240
3, 8, (6, 3, 0, 0, 0, 0, 0, 0), (3, 1, 0); 1 // 120
3, 8, (6, 3, 0, 0, 0, 0, 0, 0), (5, 0, 0); 1 // 60
3, 8, (5, 4, 0, 0, 0, 0, 0, 0), (0, 1, 1); 7 // 4320
3, 8, (5, 4, 0, 0, 0, 0, 0, 0), (2, 0, 1); 7 // 2160
3, 8, (5, 4, 0, 0, 0, 0, 0, 0), (1, 2, 0); 7 // 1080
3, 8, (5, 4, 0, 0, 0, 0, 0, 0), (3, 1, 0); 7 // 540
3, 8, (5, 4, 0, 0, 0, 0, 0, 0), (5, 0, 0); 7 // 270
3, 8, (7, 1, 1, 0, 0, 0, 0, 0), (0, 1, 1); 11 // 12096
3, 8, (7, 1, 1, 0, 0, 0, 0, 0), (2, 0, 1); 11 // 6048
3, 8, (7, 1, 1, 0, 0, 0, 0, 0), (1, 2, 0); 11 // 3024
3, 8, (7, 1, 1, 0, 0, 0, 0, 0), (3, 1, 0); 11 // 1512
3, 8, (7, 1, 1, 0, 0, 0, 0, 0), (5, 0, 0); 11 // 756
3, 8, (6, 2, 1, 0, 0, 0, 0, 0), (0, 1, 1); 11 // 3024
3, 8, (6, 2, 1, 0, 0, 0, 0, 0), (2, 0, 1); 11 // 1512
3, 8, (6, 2, 1, 0, 0, 0, 0, 0), (1, 2, 0); 11 // 756
3, 8, (6, 2, 1, 0, 0, 0, 0, 0), (3, 1, 0); 11 // 378
3, 8, (6, 2, 1, 0, 0, 0, 0, 0), (5, 0, 0); 11 // 189
3, 8, (5, 3, 1, 0, 0, 0, 0, 0), (0, 1, 1); 473 // 60480
3, 8, (5, 3, 1, 0, 0, 0, 0, 0), (2, 0, 1); 473 // 30240
3, 8, (5, 3, 1, 0, 0, 0, 0, 0), (1, 2, 0); 473 // 15120
3, 8, (5, 3, 1, 0, 0, 0, 0, 0), (3, 1, 0); 473 // 7560
3, 8, (5, 3, 1, 0, 0, 0, 0, 0), (5, 0, 0); 473 // 3780
3, 8, (4, 4, 1, 0, 0, 0, 0, 0), (0, 1, 1); 121 // 12096
3, 8, (4, 4, 1, 0, 0, 0, 0, 0), (2, 0, 1); 121 // 6048
3, 8, (4, 4, 1, 0, 0, 0, 0, 0), (1, 2, 0); 121 // 3024
3, 8, (4, 4, 1, 0, 0, 0, 0, 0), (3, 1, 0); 121 // 1512
3, 8, (4, 4, 1, 0, 0, 0, 0, 0), (5, 0, 0); 121 // 756
3, 8, (5, 2, 2, 0, 0, 0, 0, 0), (0, 1, 1); 25 // 2016
3, 8, (5, 2, 2, 0, 0, 0, 0, 0), (2, 0, 1); 25 // 1008
3, 8, (5, 2, 2, 0, 0, 0, 0, 0), (1, 2, 0); 25 // 504
3, 8, (5, 2, 2, 0, 0, 0, 0, 0), (3, 1, 0); 25 // 252
3, 8, (5, 2, 2, 0, 0, 0, 0, 0), (5, 0, 0); 25 // 126
3, 8, (4, 3, 2, 0, 0, 0, 0, 0), (0, 1, 1); 265 // 12096
3, 8, (4, 3, 2, 0, 0, 0, 0, 0), (2, 0, 1); 265 // 6048
3, 8, (4, 3, 2, 0, 0, 0, 0, 0), (1, 2, 0); 265 // 3024
3, 8, (4, 3, 2, 0, 0, 0, 0, 0), (3, 1, 0); 265 // 1512
3, 8, (4, 3, 2, 0, 0, 0, 0, 0), (5, 0, 0); 265 // 756
3, 8, (3, 3, 3, 0, 0, 0, 0, 0), (0, 1, 1); 61 // 2016
3, 8, (3, 3, 3, 0, 0, 0, 0, 0), (2, 0, 1); 61 // 1008
3, 8, (3, 3, 3, 0, 0, 0, 0, 0), (1, 2, 0); 61 // 504
3, 8, (3, 3, 3, 0, 0, 0, 0, 0), (3, 1, 0); 61 // 252
3, 8, (3, 3, 3, 0, 0, 0, 0, 0), (5, 0, 0); 61 // 126
3, 8, (6, 1, 1, 1, 0, 0, 0, 0), (0, 1, 1); 11 // 1344
3, 8, (6, 1, 1, 1, 0, 0, 0, 0), (2, 0, 1); 11 // 672
3, 8, (6, 1, 1, 1, 0, 0, 0, 0), (1, 2, 0); 11 // 336
3, 8, (6, 1, 1, 1, 0, 0, 0, 0), (3, 1, 0); 11 // 168
3, 8, (6, 1, 1, 1, 0, 0, 0, 0), (5, 0, 0); 11 // 84
3, 8, (5, 2, 1, 1, 0, 0, 0, 0), (0, 1, 1); 341 // 12096
3, 8, (5, 2, 1, 1, 0, 0, 0, 0), (2, 0, 1); 341 // 6048
3, 8, (5, 2, 1, 1, 0, 0, 0, 0), (1, 2, 0); 341 // 3024
3, 8, (5, 2, 1, 1, 0, 0, 0, 0), (3, 1, 0); 341 // 1512
3, 8, (5, 2, 1, 1, 0, 0, 0, 0), (5, 0, 0); 341 // 756
3, 8, (4, 3, 1, 1, 0, 0, 0, 0), (0, 1, 1); 605 // 12096
3, 8, (4, 3, 1, 1, 0, 0, 0, 0), (2, 0, 1); 605 // 6048
3, 8, (4, 3, 1, 1, 0, 0, 0, 0), (1, 2, 0); 605 // 3024
3, 8, (4, 3, 1, 1, 0, 0, 0, 0), (3, 1, 0); 605 // 1512
3, 8, (4, 3, 1, 1, 0, 0, 0, 0), (5, 0, 0); 605 // 756
3, 8, (4, 2, 2, 1, 0, 0, 0, 0), (0, 1, 1); 121 // 1512
3, 8, (4, 2, 2, 1, 0, 0, 0, 0), (2, 0, 1); 121 // 756
3, 8, (4, 2, 2, 1, 0, 0, 0, 0), (1, 2, 0); 121 // 378
3, 8, (4, 2, 2, 1, 0, 0, 0, 0), (3, 1, 0); 121 // 189
3, 8, (4, 2, 2, 1, 0, 0, 0, 0), (5, 0, 0); 242 // 189
3, 8, (3, 3, 2, 1, 0, 0, 0, 0), (0, 1, 1); 671 // 6048
3, 8, (3, 3, 2, 1, 0, 0, 0, 0), (2, 0, 1); 671 // 3024
3, 8, (3, 3, 2, 1, 0, 0, 0, 0), (1, 2, 0); 671 // 1512
3, 8, (3, 3, 2, 1, 0, 0, 0, 0), (3, 1, 0); 671 // 756
3, 8, (3, 3, 2, 1, 0, 0, 0, 0), (5, 0, 0); 671 // 378
3, 8, (3, 2, 2, 2, 0, 0, 0, 0), (0, 1, 1); 359 // 2016
3, 8, (3, 2, 2, 2, 0, 0, 0, 0), (2, 0, 1); 359 // 1008
3, 8, (3, 2, 2, 2, 0, 0, 0, 0), (1, 2, 0); 359 // 504
3, 8, (3, 2, 2, 2, 0, 0, 0, 0), (3, 1, 0); 359 // 252
3, 8, (3, 2, 2, 2, 0, 0, 0, 0), (5, 0, 0); 359 // 126
3, 8, (5, 1, 1, 1, 1, 0, 0, 0), (0, 1, 1); 11 // 168
3, 8, (5, 1, 1, 1, 1, 0, 0, 0), (2, 0, 1); 11 // 84
3, 8, (5, 1, 1, 1, 1, 0, 0, 0), (1, 2, 0); 11 // 42
3, 8, (5, 1, 1, 1, 1, 0, 0, 0), (3, 1, 0); 11 // 21
3, 8, (5, 1, 1, 1, 1, 0, 0, 0), (5, 0, 0); 22 // 21
3, 8, (4, 2, 1, 1, 1, 0, 0, 0), (0, 1, 1); 253 // 1344
3, 8, (4, 2, 1, 1, 1, 0, 0, 0), (2, 0, 1); 253 // 672
3, 8, (4, 2, 1, 1, 1, 0, 0, 0), (1, 2, 0); 253 // 336
3, 8, (4, 2, 1, 1, 1, 0, 0, 0), (3, 1, 0); 253 // 168
3, 8, (4, 2, 1, 1, 1, 0, 0, 0), (5, 0, 0); 253 // 84
3, 8, (3, 3, 1, 1, 1, 0, 0, 0), (0, 1, 1); 11 // 42
3, 8, (3, 3, 1, 1, 1, 0, 0, 0), (2, 0, 1); 11 // 21
3, 8, (3, 3, 1, 1, 1, 0, 0, 0), (1, 2, 0); 22 // 21
3, 8, (3, 3, 1, 1, 1, 0, 0, 0), (3, 1, 0); 44 // 21
3, 8, (3, 3, 1, 1, 1, 0, 0, 0), (5, 0, 0); 88 // 21
3, 8, (3, 2, 2, 1, 1, 0, 0, 0), (0, 1, 1); 2563 // 6048
3, 8, (3, 2, 2, 1, 1, 0, 0, 0), (2, 0, 1); 2563 // 3024
3, 8, (3, 2, 2, 1, 1, 0, 0, 0), (1, 2, 0); 2563 // 1512
3, 8, (3, 2, 2, 1, 1, 0, 0, 0), (3, 1, 0); 2563 // 756
3, 8, (3, 2, 2, 1, 1, 0, 0, 0), (5, 0, 0); 2563 // 378
3, 8, (2, 2, 2, 2, 1, 0, 0, 0), (0, 1, 1); 11 // 16
3, 8, (2, 2, 2, 2, 1, 0, 0, 0), (2, 0, 1); 11 // 8
3, 8, (2, 2, 2, 2, 1, 0, 0, 0), (1, 2, 0); 11 // 4
3, 8, (2, 2, 2, 2, 1, 0, 0, 0), (3, 1, 0); 11 // 2
3, 8, (2, 2, 2, 2, 1, 0, 0, 0), (5, 0, 0); 11 // 1
3, 8, (4, 1, 1, 1, 1, 1, 0, 0), (0, 1, 1); 11 // 24
3, 8, (4, 1, 1, 1, 1, 1, 0, 0), (2, 0, 1); 11 // 12
3, 8, (4, 1, 1, 1, 1, 1, 0, 0), (1, 2, 0); 11 // 6
3, 8, (4, 1, 1, 1, 1, 1, 0, 0), (3, 1, 0); 11 // 3
3, 8, (4, 1, 1, 1, 1, 1, 0, 0), (5, 0, 0); 22 // 3
3, 8, (3, 2, 1, 1, 1, 1, 0, 0), (0, 1, 1); 22 // 21
3, 8, (3, 2, 1, 1, 1, 1, 0, 0), (2, 0, 1); 44 // 21
3, 8, (3, 2, 1, 1, 1, 1, 0, 0), (1, 2, 0); 88 // 21
3, 8, (3, 2, 1, 1, 1, 1, 0, 0), (3, 1, 0); 176 // 21
3, 8, (3, 2, 1, 1, 1, 1, 0, 0), (5, 0, 0); 352 // 21
3, 8, (2, 2, 2, 1, 1, 1, 0, 0), (0, 1, 1); 55 // 32
3, 8, (2, 2, 2, 1, 1, 1, 0, 0), (2, 0, 1); 55 // 16
3, 8, (2, 2, 2, 1, 1, 1, 0, 0), (1, 2, 0); 55 // 8
3, 8, (2, 2, 2, 1, 1, 1, 0, 0), (3, 1, 0); 55 // 4
3, 8, (2, 2, 2, 1, 1, 1, 0, 0), (5, 0, 0); 55 // 2
3, 8, (3, 1, 1, 1, 1, 1, 1, 0), (0, 1, 1); 11 // 4
3, 8, (3, 1, 1, 1, 1, 1, 1, 0), (2, 0, 1); 11 // 2
3, 8, (3, 1, 1, 1, 1, 1, 1, 0), (1, 2, 0); 11 // 1
3, 8, (3, 1, 1, 1, 1, 1, 1, 0), (3, 1, 0); 22 // 1
3, 8, (3, 1, 1, 1, 1, 1, 1, 0), (5, 0, 0); 44 // 1
3, 8, (2, 2, 1, 1, 1, 1, 1, 0), (0, 1, 1); 55 // 12
3, 8, (2, 2, 1, 1, 1, 1, 1, 0), (2, 0, 1); 55 // 6
3, 8, (2, 2, 1, 1, 1, 1, 1, 0), (1, 2, 0); 55 // 3
3, 8, (2, 2, 1, 1, 1, 1, 1, 0), (3, 1, 0); 110 // 3
3, 8, (2, 2, 1, 1, 1, 1, 1, 0), (5, 0, 0); 220 // 3
3, 8, (2, 1, 1, 1, 1, 1, 1, 1), (0, 1, 1); 55 // 4
3, 8, (2, 1, 1, 1, 1, 1, 1, 1), (2, 0, 1); 55 // 2
3, 8, (2, 1, 1, 1, 1, 1, 1, 1), (1, 2, 0); 55 // 1
3, 8, (2, 1, 1, 1, 1, 1, 1, 1), (3, 1, 0); 110 // 1
3, 8, (2, 1, 1, 1, 1, 1, 1, 1), (5, 0, 0); 220 // 1
3, 8, (10, 0, 0, 0, 0, 0, 0, 0), (1, 0, 1); 41 // 1451520
3, 8, (10, 0, 0, 0, 0, 0, 0, 0), (0, 2, 0); 41 // 725760
3, 8, (10, 0, 0, 0, 0, 0, 0, 0), (2, 1, 0); 41 // 362880
3, 8, (10, 0, 0, 0, 0, 0, 0, 0), (4, 0, 0); 41 // 181440
3, 8, (9, 1, 0, 0, 0, 0, 0, 0), (1, 0, 1); 451 // 1451520
3, 8, (9, 1, 0, 0, 0, 0, 0, 0), (0, 2, 0); 451 // 725760
3, 8, (9, 1, 0, 0, 0, 0, 0, 0), (2, 1, 0); 451 // 362880
3, 8, (9, 1, 0, 0, 0, 0, 0, 0), (4, 0, 0); 451 // 181440
3, 8, (8, 2, 0, 0, 0, 0, 0, 0), (1, 0, 1); 2153 // 1451520
3, 8, (8, 2, 0, 0, 0, 0, 0, 0), (0, 2, 0); 2153 // 725760
3, 8, (8, 2, 0, 0, 0, 0, 0, 0), (2, 1, 0); 2153 // 362880
3, 8, (8, 2, 0, 0, 0, 0, 0, 0), (4, 0, 0); 2153 // 181440
3, 8, (7, 3, 0, 0, 0, 0, 0, 0), (1, 0, 1); 1487 // 362880
3, 8, (7, 3, 0, 0, 0, 0, 0, 0), (0, 2, 0); 1487 // 181440
3, 8, (7, 3, 0, 0, 0, 0, 0, 0), (2, 1, 0); 1487 // 90720
3, 8, (7, 3, 0, 0, 0, 0, 0, 0), (4, 0, 0); 1487 // 45360
3, 8, (6, 4, 0, 0, 0, 0, 0, 0), (1, 0, 1); 5303 // 725760
3, 8, (6, 4, 0, 0, 0, 0, 0, 0), (0, 2, 0); 5303 // 362880
3, 8, (6, 4, 0, 0, 0, 0, 0, 0), (2, 1, 0); 5303 // 181440
3, 8, (6, 4, 0, 0, 0, 0, 0, 0), (4, 0, 0); 5303 // 90720
3, 8, (5, 5, 0, 0, 0, 0, 0, 0), (1, 0, 1); 6401 // 725760
3, 8, (5, 5, 0, 0, 0, 0, 0, 0), (0, 2, 0); 6401 // 362880
3, 8, (5, 5, 0, 0, 0, 0, 0, 0), (2, 1, 0); 6401 // 181440
3, 8, (5, 5, 0, 0, 0, 0, 0, 0), (4, 0, 0); 6401 // 90720
3, 8, (8, 1, 1, 0, 0, 0, 0, 0), (1, 0, 1); 451 // 145152
3, 8, (8, 1, 1, 0, 0, 0, 0, 0), (0, 2, 0); 451 // 72576
3, 8, (8, 1, 1, 0, 0, 0, 0, 0), (2, 1, 0); 451 // 36288
3, 8, (8, 1, 1, 0, 0, 0, 0, 0), (4, 0, 0); 451 // 18144
3, 8, (7, 2, 1, 0, 0, 0, 0, 0), (1, 0, 1); 913 // 69120
3, 8, (7, 2, 1, 0, 0, 0, 0, 0), (0, 2, 0); 913 // 34560
3, 8, (7, 2, 1, 0, 0, 0, 0, 0), (2, 1, 0); 913 // 17280
3, 8, (7, 2, 1, 0, 0, 0, 0, 0), (4, 0, 0); 913 // 8640
3, 8, (6, 3, 1, 0, 0, 0, 0, 0), (1, 0, 1); 9251 // 290304
3, 8, (6, 3, 1, 0, 0, 0, 0, 0), (0, 2, 0); 9251 // 145152
3, 8, (6, 3, 1, 0, 0, 0, 0, 0), (2, 1, 0); 9251 // 72576
3, 8, (6, 3, 1, 0, 0, 0, 0, 0), (4, 0, 0); 9251 // 36288
3, 8, (5, 4, 1, 0, 0, 0, 0, 0), (1, 0, 1); 70411 // 1451520
3, 8, (5, 4, 1, 0, 0, 0, 0, 0), (0, 2, 0); 70411 // 725760
3, 8, (5, 4, 1, 0, 0, 0, 0, 0), (2, 1, 0); 70411 // 362880
3, 8, (5, 4, 1, 0, 0, 0, 0, 0), (4, 0, 0); 70411 // 181440
3, 8, (6, 2, 2, 0, 0, 0, 0, 0), (1, 0, 1); 11863 // 241920
3, 8, (6, 2, 2, 0, 0, 0, 0, 0), (0, 2, 0); 11863 // 120960
3, 8, (6, 2, 2, 0, 0, 0, 0, 0), (2, 1, 0); 11863 // 60480
3, 8, (6, 2, 2, 0, 0, 0, 0, 0), (4, 0, 0); 11863 // 30240
3, 8, (5, 3, 2, 0, 0, 0, 0, 0), (1, 0, 1); 146603 // 1451520
3, 8, (5, 3, 2, 0, 0, 0, 0, 0), (0, 2, 0); 146603 // 725760
3, 8, (5, 3, 2, 0, 0, 0, 0, 0), (2, 1, 0); 146603 // 362880
3, 8, (5, 3, 2, 0, 0, 0, 0, 0), (4, 0, 0); 146603 // 181440
3, 8, (4, 4, 2, 0, 0, 0, 0, 0), (1, 0, 1); 6163 // 48384
3, 8, (4, 4, 2, 0, 0, 0, 0, 0), (0, 2, 0); 6163 // 24192
3, 8, (4, 4, 2, 0, 0, 0, 0, 0), (2, 1, 0); 6163 // 12096
3, 8, (4, 4, 2, 0, 0, 0, 0, 0), (4, 0, 0); 6163 // 6048
3, 8, (4, 3, 3, 0, 0, 0, 0, 0), (1, 0, 1); 8339 // 48384
3, 8, (4, 3, 3, 0, 0, 0, 0, 0), (0, 2, 0); 8339 // 24192
3, 8, (4, 3, 3, 0, 0, 0, 0, 0), (2, 1, 0); 8339 // 12096
3, 8, (4, 3, 3, 0, 0, 0, 0, 0), (4, 0, 0); 8339 // 6048
3, 8, (7, 1, 1, 1, 0, 0, 0, 0), (1, 0, 1); 451 // 16128
3, 8, (7, 1, 1, 1, 0, 0, 0, 0), (0, 2, 0); 451 // 8064
3, 8, (7, 1, 1, 1, 0, 0, 0, 0), (2, 1, 0); 451 // 4032
3, 8, (7, 1, 1, 1, 0, 0, 0, 0), (4, 0, 0); 451 // 2016
3, 8, (6, 2, 1, 1, 0, 0, 0, 0), (1, 0, 1); 2519 // 24192
3, 8, (6, 2, 1, 1, 0, 0, 0, 0), (0, 2, 0); 2519 // 12096
3, 8, (6, 2, 1, 1, 0, 0, 0, 0), (2, 1, 0); 2519 // 6048
3, 8, (6, 2, 1, 1, 0, 0, 0, 0), (4, 0, 0); 2519 // 3024
3, 8, (5, 3, 1, 1, 0, 0, 0, 0), (1, 0, 1); 31141 // 145152
3, 8, (5, 3, 1, 1, 0, 0, 0, 0), (0, 2, 0); 31141 // 72576
3, 8, (5, 3, 1, 1, 0, 0, 0, 0), (2, 1, 0); 31141 // 36288
3, 8, (5, 3, 1, 1, 0, 0, 0, 0), (4, 0, 0); 31141 // 18144
3, 8, (4, 4, 1, 1, 0, 0, 0, 0), (1, 0, 1); 935 // 3456
3, 8, (4, 4, 1, 1, 0, 0, 0, 0), (0, 2, 0); 935 // 1728
3, 8, (4, 4, 1, 1, 0, 0, 0, 0), (2, 1, 0); 935 // 864
3, 8, (4, 4, 1, 1, 0, 0, 0, 0), (4, 0, 0); 935 // 432
3, 8, (5, 2, 2, 1, 0, 0, 0, 0), (1, 0, 1); 80113 // 241920
3, 8, (5, 2, 2, 1, 0, 0, 0, 0), (0, 2, 0); 80113 // 120960
3, 8, (5, 2, 2, 1, 0, 0, 0, 0), (2, 1, 0); 80113 // 60480
3, 8, (5, 2, 2, 1, 0, 0, 0, 0), (4, 0, 0); 80113 // 30240
3, 8, (4, 3, 2, 1, 0, 0, 0, 0), (1, 0, 1); 54703 // 96768
3, 8, (4, 3, 2, 1, 0, 0, 0, 0), (0, 2, 0); 54703 // 48384
3, 8, (4, 3, 2, 1, 0, 0, 0, 0), (2, 1, 0); 54703 // 24192
3, 8, (4, 3, 2, 1, 0, 0, 0, 0), (4, 0, 0); 54703 // 12096
3, 8, (3, 3, 3, 1, 0, 0, 0, 0), (1, 0, 1); 2057 // 2688
3, 8, (3, 3, 3, 1, 0, 0, 0, 0), (0, 2, 0); 2057 // 1344
3, 8, (3, 3, 3, 1, 0, 0, 0, 0), (2, 1, 0); 2057 // 672
3, 8, (3, 3, 3, 1, 0, 0, 0, 0), (4, 0, 0); 2057 // 336
3, 8, (4, 2, 2, 2, 0, 0, 0, 0), (1, 0, 1); 4693 // 5376
3, 8, (4, 2, 2, 2, 0, 0, 0, 0), (0, 2, 0); 4693 // 2688
3, 8, (4, 2, 2, 2, 0, 0, 0, 0), (2, 1, 0); 4693 // 1344
3, 8, (4, 2, 2, 2, 0, 0, 0, 0), (4, 0, 0); 4693 // 672
3, 8, (3, 3, 2, 2, 0, 0, 0, 0), (1, 0, 1); 9529 // 8064
3, 8, (3, 3, 2, 2, 0, 0, 0, 0), (0, 2, 0); 9529 // 4032
3, 8, (3, 3, 2, 2, 0, 0, 0, 0), (2, 1, 0); 9529 // 2016
3, 8, (3, 3, 2, 2, 0, 0, 0, 0), (4, 0, 0); 9529 // 1008
3, 8, (6, 1, 1, 1, 1, 0, 0, 0), (1, 0, 1); 451 // 2016
3, 8, (6, 1, 1, 1, 1, 0, 0, 0), (0, 2, 0); 451 // 1008
3, 8, (6, 1, 1, 1, 1, 0, 0, 0), (2, 1, 0); 451 // 504
3, 8, (6, 1, 1, 1, 1, 0, 0, 0), (4, 0, 0); 451 // 252
3, 8, (5, 2, 1, 1, 1, 0, 0, 0), (1, 0, 1); 5753 // 8064
3, 8, (5, 2, 1, 1, 1, 0, 0, 0), (0, 2, 0); 5753 // 4032
3, 8, (5, 2, 1, 1, 1, 0, 0, 0), (2, 1, 0); 5753 // 2016
3, 8, (5, 2, 1, 1, 1, 0, 0, 0), (4, 0, 0); 5753 // 1008
3, 8, (4, 3, 1, 1, 1, 0, 0, 0), (1, 0, 1); 935 // 768
3, 8, (4, 3, 1, 1, 1, 0, 0, 0), (0, 2, 0); 935 // 384
3, 8, (4, 3, 1, 1, 1, 0, 0, 0), (2, 1, 0); 935 // 192
3, 8, (4, 3, 1, 1, 1, 0, 0, 0), (4, 0, 0); 935 // 96
3, 8, (4, 2, 2, 1, 1, 0, 0, 0), (1, 0, 1); 45595 // 24192
3, 8, (4, 2, 2, 1, 1, 0, 0, 0), (0, 2, 0); 45595 // 12096
3, 8, (4, 2, 2, 1, 1, 0, 0, 0), (2, 1, 0); 45595 // 6048
3, 8, (4, 2, 2, 1, 1, 0, 0, 0), (4, 0, 0); 45595 // 3024
3, 8, (3, 3, 2, 1, 1, 0, 0, 0), (1, 0, 1); 10285 // 4032
3, 8, (3, 3, 2, 1, 1, 0, 0, 0), (0, 2, 0); 10285 // 2016
3, 8, (3, 3, 2, 1, 1, 0, 0, 0), (2, 1, 0); 10285 // 1008
3, 8, (3, 3, 2, 1, 1, 0, 0, 0), (4, 0, 0); 10285 // 504
3, 8, (3, 2, 2, 2, 1, 0, 0, 0), (1, 0, 1); 9097 // 2304
3, 8, (3, 2, 2, 2, 1, 0, 0, 0), (0, 2, 0); 9097 // 1152
3, 8, (3, 2, 2, 2, 1, 0, 0, 0), (2, 1, 0); 9097 // 576
3, 8, (3, 2, 2, 2, 1, 0, 0, 0), (4, 0, 0); 9097 // 288
3, 8, (2, 2, 2, 2, 2, 0, 0, 0), (1, 0, 1); 55 // 9
3, 8, (2, 2, 2, 2, 2, 0, 0, 0), (0, 2, 0); 110 // 9
3, 8, (2, 2, 2, 2, 2, 0, 0, 0), (2, 1, 0); 220 // 9
3, 8, (2, 2, 2, 2, 2, 0, 0, 0), (4, 0, 0); 440 // 9
3, 8, (5, 1, 1, 1, 1, 1, 0, 0), (1, 0, 1); 451 // 288
3, 8, (5, 1, 1, 1, 1, 1, 0, 0), (0, 2, 0); 451 // 144
3, 8, (5, 1, 1, 1, 1, 1, 0, 0), (2, 1, 0); 451 // 72
3, 8, (5, 1, 1, 1, 1, 1, 0, 0), (4, 0, 0); 451 // 36
3, 8, (4, 2, 1, 1, 1, 1, 0, 0), (1, 0, 1); 2783 // 672
3, 8, (4, 2, 1, 1, 1, 1, 0, 0), (0, 2, 0); 2783 // 336
3, 8, (4, 2, 1, 1, 1, 1, 0, 0), (2, 1, 0); 2783 // 168
3, 8, (4, 2, 1, 1, 1, 1, 0, 0), (4, 0, 0); 2783 // 84
3, 8, (3, 3, 1, 1, 1, 1, 0, 0), (1, 0, 1); 627 // 112
3, 8, (3, 3, 1, 1, 1, 1, 0, 0), (0, 2, 0); 627 // 56
3, 8, (3, 3, 1, 1, 1, 1, 0, 0), (2, 1, 0); 627 // 28
3, 8, (3, 3, 1, 1, 1, 1, 0, 0), (4, 0, 0); 627 // 14
3, 8, (3, 2, 2, 1, 1, 1, 0, 0), (1, 0, 1); 1111 // 128
3, 8, (3, 2, 2, 1, 1, 1, 0, 0), (0, 2, 0); 1111 // 64
3, 8, (3, 2, 2, 1, 1, 1, 0, 0), (2, 1, 0); 1111 // 32
3, 8, (3, 2, 2, 1, 1, 1, 0, 0), (4, 0, 0); 1111 // 16
3, 8, (2, 2, 2, 2, 1, 1, 0, 0), (1, 0, 1); 121 // 9
3, 8, (2, 2, 2, 2, 1, 1, 0, 0), (0, 2, 0); 242 // 9
3, 8, (2, 2, 2, 2, 1, 1, 0, 0), (2, 1, 0); 484 // 9
3, 8, (2, 2, 2, 2, 1, 1, 0, 0), (4, 0, 0); 968 // 9
3, 8, (4, 1, 1, 1, 1, 1, 1, 0), (1, 0, 1); 451 // 48
3, 8, (4, 1, 1, 1, 1, 1, 1, 0), (0, 2, 0); 451 // 24
3, 8, (4, 1, 1, 1, 1, 1, 1, 0), (2, 1, 0); 451 // 12
3, 8, (4, 1, 1, 1, 1, 1, 1, 0), (4, 0, 0); 451 // 6
3, 8, (3, 2, 1, 1, 1, 1, 1, 0), (1, 0, 1); 627 // 32
3, 8, (3, 2, 1, 1, 1, 1, 1, 0), (0, 2, 0); 627 // 16
3, 8, (3, 2, 1, 1, 1, 1, 1, 0), (2, 1, 0); 627 // 8
3, 8, (3, 2, 1, 1, 1, 1, 1, 0), (4, 0, 0); 627 // 4
3, 8, (2, 2, 2, 1, 1, 1, 1, 0), (1, 0, 1); 121 // 4
3, 8, (2, 2, 2, 1, 1, 1, 1, 0), (0, 2, 0); 121 // 2
3, 8, (2, 2, 2, 1, 1, 1, 1, 0), (2, 1, 0); 121 // 1
3, 8, (2, 2, 2, 1, 1, 1, 1, 0), (4, 0, 0); 242 // 1
3, 8, (3, 1, 1, 1, 1, 1, 1, 1), (1, 0, 1); 2255 // 48
3, 8, (3, 1, 1, 1, 1, 1, 1, 1), (0, 2, 0); 2255 // 24
3, 8, (3, 1, 1, 1, 1, 1, 1, 1), (2, 1, 0); 2255 // 12
3, 8, (3, 1, 1, 1, 1, 1, 1, 1), (4, 0, 0); 2255 // 6
3, 8, (2, 2, 1, 1, 1, 1, 1, 1), (1, 0, 1); 847 // 12
3, 8, (2, 2, 1, 1, 1, 1, 1, 1), (0, 2, 0); 847 // 6
3, 8, (2, 2, 1, 1, 1, 1, 1, 1), (2, 1, 0); 847 // 3
3, 8, (2, 2, 1, 1, 1, 1, 1, 1), (4, 0, 0); 1694 // 3
3, 8, (11, 0, 0, 0, 0, 0, 0, 0), (0, 0, 1); 31 // 967680
3, 8, (11, 0, 0, 0, 0, 0, 0, 0), (1, 1, 0); 23 // 193536
3, 8, (11, 0, 0, 0, 0, 0, 0, 0), (3, 0, 0); 23 // 96768
3, 8, (10, 1, 0, 0, 0, 0, 0, 0), (0, 0, 1); 341 // 967680
3, 8, (10, 1, 0, 0, 0, 0, 0, 0), (1, 1, 0); 253 // 193536
3, 8, (10, 1, 0, 0, 0, 0, 0, 0), (3, 0, 0); 253 // 96768
3, 8, (9, 2, 0, 0, 0, 0, 0, 0), (0, 0, 1); 341 // 193536
3, 8, (9, 2, 0, 0, 0, 0, 0, 0), (1, 1, 0); 6287 // 967680
3, 8, (9, 2, 0, 0, 0, 0, 0, 0), (3, 0, 0); 6287 // 483840
3, 8, (8, 3, 0, 0, 0, 0, 0, 0), (0, 0, 1); 341 // 64512
3, 8, (8, 3, 0, 0, 0, 0, 0, 0), (1, 1, 0); 18709 // 967680
3, 8, (8, 3, 0, 0, 0, 0, 0, 0), (3, 0, 0); 18709 // 483840
3, 8, (7, 4, 0, 0, 0, 0, 0, 0), (0, 0, 1); 341 // 32256
3, 8, (7, 4, 0, 0, 0, 0, 0, 0), (1, 1, 0); 43 // 1120
3, 8, (7, 4, 0, 0, 0, 0, 0, 0), (3, 0, 0); 43 // 560
3, 8, (6, 5, 0, 0, 0, 0, 0, 0), (0, 0, 1); 341 // 23040
3, 8, (6, 5, 0, 0, 0, 0, 0, 0), (1, 1, 0); 185 // 3456
3, 8, (6, 5, 0, 0, 0, 0, 0, 0), (3, 0, 0); 185 // 1728
3, 8, (9, 1, 1, 0, 0, 0, 0, 0), (0, 0, 1); 341 // 96768
3, 8, (9, 1, 1, 0, 0, 0, 0, 0), (1, 1, 0); 1265 // 96768
3, 8, (9, 1, 1, 0, 0, 0, 0, 0), (3, 0, 0); 1265 // 48384
3, 8, (8, 2, 1, 0, 0, 0, 0, 0), (0, 0, 1); 341 // 21504
3, 8, (8, 2, 1, 0, 0, 0, 0, 0), (1, 1, 0); 56507 // 967680
3, 8, (8, 2, 1, 0, 0, 0, 0, 0), (3, 0, 0); 56507 // 483840
3, 8, (7, 3, 1, 0, 0, 0, 0, 0), (0, 0, 1); 341 // 8064
3, 8, (7, 3, 1, 0, 0, 0, 0, 0), (1, 1, 0); 4147 // 26880
3, 8, (7, 3, 1, 0, 0, 0, 0, 0), (3, 0, 0); 4147 // 13440
3, 8, (6, 4, 1, 0, 0, 0, 0, 0), (0, 0, 1); 341 // 4608
3, 8, (6, 4, 1, 0, 0, 0, 0, 0), (1, 1, 0); 1441 // 5376
3, 8, (6, 4, 1, 0, 0, 0, 0, 0), (3, 0, 0); 1441 // 2688
3, 8, (5, 5, 1, 0, 0, 0, 0, 0), (0, 0, 1); 341 // 3840
3, 8, (5, 5, 1, 0, 0, 0, 0, 0), (1, 1, 0); 15521 // 48384
3, 8, (5, 5, 1, 0, 0, 0, 0, 0), (3, 0, 0); 15521 // 24192
3, 8, (7, 2, 2, 0, 0, 0, 0, 0), (0, 0, 1); 341 // 5376
3, 8, (7, 2, 2, 0, 0, 0, 0, 0), (1, 1, 0); 3113 // 13440
3, 8, (7, 2, 2, 0, 0, 0, 0, 0), (3, 0, 0); 3113 // 6720
3, 8, (6, 3, 2, 0, 0, 0, 0, 0), (0, 0, 1); 341 // 2304
3, 8, (6, 3, 2, 0, 0, 0, 0, 0), (1, 1, 0); 32387 // 60480
3, 8, (6, 3, 2, 0, 0, 0, 0, 0), (3, 0, 0); 32387 // 30240
3, 8, (5, 4, 2, 0, 0, 0, 0, 0), (0, 0, 1); 341 // 1536
3, 8, (5, 4, 2, 0, 0, 0, 0, 0), (1, 1, 0); 386431 // 483840
3, 8, (5, 4, 2, 0, 0, 0, 0, 0), (3, 0, 0); 386431 // 241920
3, 8, (5, 3, 3, 0, 0, 0, 0, 0), (0, 0, 1); 341 // 1152
3, 8, (5, 3, 3, 0, 0, 0, 0, 0), (1, 1, 0); 9523 // 8960
3, 8, (5, 3, 3, 0, 0, 0, 0, 0), (3, 0, 0); 9523 // 4480
3, 8, (4, 4, 3, 0, 0, 0, 0, 0), (0, 0, 1); 1705 // 4608
3, 8, (4, 4, 3, 0, 0, 0, 0, 0), (1, 1, 0); 42725 // 32256
3, 8, (4, 4, 3, 0, 0, 0, 0, 0), (3, 0, 0); 42725 // 16128
3, 8, (8, 1, 1, 1, 0, 0, 0, 0), (0, 0, 1); 341 // 10752
3, 8, (8, 1, 1, 1, 0, 0, 0, 0), (1, 1, 0); 1265 // 10752
3, 8, (8, 1, 1, 1, 0, 0, 0, 0), (3, 0, 0); 1265 // 5376
3, 8, (7, 2, 1, 1, 0, 0, 0, 0), (0, 0, 1); 341 // 2688
3, 8, (7, 2, 1, 1, 0, 0, 0, 0), (1, 1, 0); 3223 // 6912
3, 8, (7, 2, 1, 1, 0, 0, 0, 0), (3, 0, 0); 3223 // 3456
3, 8, (6, 3, 1, 1, 0, 0, 0, 0), (0, 0, 1); 341 // 1152
3, 8, (6, 3, 1, 1, 0, 0, 0, 0), (1, 1, 0); 52085 // 48384
3, 8, (6, 3, 1, 1, 0, 0, 0, 0), (3, 0, 0); 52085 // 24192
3, 8, (5, 4, 1, 1, 0, 0, 0, 0), (0, 0, 1); 341 // 768
3, 8, (5, 4, 1, 1, 0, 0, 0, 0), (1, 1, 0); 77605 // 48384
3, 8, (5, 4, 1, 1, 0, 0, 0, 0), (3, 0, 0); 77605 // 24192
3, 8, (6, 2, 2, 1, 0, 0, 0, 0), (0, 0, 1); 341 // 768
3, 8, (6, 2, 2, 1, 0, 0, 0, 0), (1, 1, 0); 97691 // 60480
3, 8, (6, 2, 2, 1, 0, 0, 0, 0), (3, 0, 0); 97691 // 30240
3, 8, (5, 3, 2, 1, 0, 0, 0, 0), (0, 0, 1); 341 // 384
3, 8, (5, 3, 2, 1, 0, 0, 0, 0), (1, 1, 0); 773839 // 241920
3, 8, (5, 3, 2, 1, 0, 0, 0, 0), (3, 0, 0); 773839 // 120960
3, 8, (4, 4, 2, 1, 0, 0, 0, 0), (0, 0, 1); 1705 // 1536
3, 8, (4, 4, 2, 1, 0, 0, 0, 0), (1, 1, 0); 1927013 // 483840
3, 8, (4, 4, 2, 1, 0, 0, 0, 0), (3, 0, 0); 1927013 // 241920
3, 8, (4, 3, 3, 1, 0, 0, 0, 0), (0, 0, 1); 1705 // 1152
3, 8, (4, 3, 3, 1, 0, 0, 0, 0), (1, 1, 0); 1280653 // 241920
3, 8, (4, 3, 3, 1, 0, 0, 0, 0), (3, 0, 0); 1280653 // 120960
3, 8, (5, 2, 2, 2, 0, 0, 0, 0), (0, 0, 1); 341 // 256
3, 8, (5, 2, 2, 2, 0, 0, 0, 0), (1, 1, 0); 1159771 // 241920
3, 8, (5, 2, 2, 2, 0, 0, 0, 0), (3, 0, 0); 1159771 // 120960
3, 8, (4, 3, 2, 2, 0, 0, 0, 0), (0, 0, 1); 1705 // 768
3, 8, (4, 3, 2, 2, 0, 0, 0, 0), (1, 1, 0); 1917731 // 241920
3, 8, (4, 3, 2, 2, 0, 0, 0, 0), (3, 0, 0); 1917731 // 120960
3, 8, (3, 3, 3, 2, 0, 0, 0, 0), (0, 0, 1); 1705 // 576
3, 8, (3, 3, 3, 2, 0, 0, 0, 0), (1, 1, 0); 379 // 36
3, 8, (3, 3, 3, 2, 0, 0, 0, 0), (3, 0, 0); 379 // 18
3, 8, (7, 1, 1, 1, 1, 0, 0, 0), (0, 0, 1); 341 // 1344
3, 8, (7, 1, 1, 1, 1, 0, 0, 0), (1, 1, 0); 1265 // 1344
3, 8, (7, 1, 1, 1, 1, 0, 0, 0), (3, 0, 0); 1265 // 672
3, 8, (6, 2, 1, 1, 1, 0, 0, 0), (0, 0, 1); 341 // 384
3, 8, (6, 2, 1, 1, 1, 0, 0, 0), (1, 1, 0); 17501 // 5376
3, 8, (6, 2, 1, 1, 1, 0, 0, 0), (3, 0, 0); 17501 // 2688
3, 8, (5, 3, 1, 1, 1, 0, 0, 0), (0, 0, 1); 341 // 192
3, 8, (5, 3, 1, 1, 1, 0, 0, 0), (1, 1, 0); 1441 // 224
3, 8, (5, 3, 1, 1, 1, 0, 0, 0), (3, 0, 0); 1441 // 112
3, 8, (4, 4, 1, 1, 1, 0, 0, 0), (0, 0, 1); 1705 // 768
3, 8, (4, 4, 1, 1, 1, 0, 0, 0), (1, 1, 0); 43021 // 5376
3, 8, (4, 4, 1, 1, 1, 0, 0, 0), (3, 0, 0); 43021 // 2688
3, 8, (5, 2, 2, 1, 1, 0, 0, 0), (0, 0, 1); 341 // 128
3, 8, (5, 2, 2, 1, 1, 0, 0, 0), (1, 1, 0); 233255 // 24192
3, 8, (5, 2, 2, 1, 1, 0, 0, 0), (3, 0, 0); 233255 // 12096
3, 8, (4, 3, 2, 1, 1, 0, 0, 0), (0, 0, 1); 1705 // 384
3, 8, (4, 3, 2, 1, 1, 0, 0, 0), (1, 1, 0); 96239 // 6048
3, 8, (4, 3, 2, 1, 1, 0, 0, 0), (3, 0, 0); 96239 // 3024
3, 8, (3, 3, 3, 1, 1, 0, 0, 0), (0, 0, 1); 1705 // 288
3, 8, (3, 3, 3, 1, 1, 0, 0, 0), (1, 1, 0); 8107 // 384
3, 8, (3, 3, 3, 1, 1, 0, 0, 0), (3, 0, 0); 8107 // 192
3, 8, (4, 2, 2, 2, 1, 0, 0, 0), (0, 0, 1); 1705 // 256
3, 8, (4, 2, 2, 2, 1, 0, 0, 0), (1, 1, 0); 822833 // 34560
3, 8, (4, 2, 2, 2, 1, 0, 0, 0), (3, 0, 0); 822833 // 17280
3, 8, (3, 3, 2, 2, 1, 0, 0, 0), (0, 0, 1); 1705 // 192
3, 8, (3, 3, 2, 2, 1, 0, 0, 0), (1, 1, 0); 109087 // 3456
3, 8, (3, 3, 2, 2, 1, 0, 0, 0), (3, 0, 0); 109087 // 1728
3, 8, (3, 2, 2, 2, 2, 0, 0, 0), (0, 0, 1); 1705 // 128
3, 8, (3, 2, 2, 2, 2, 0, 0, 0), (1, 1, 0); 162961 // 3456
3, 8, (3, 2, 2, 2, 2, 0, 0, 0), (3, 0, 0); 162961 // 1728
3, 8, (6, 1, 1, 1, 1, 1, 0, 0), (0, 0, 1); 341 // 192
3, 8, (6, 1, 1, 1, 1, 1, 0, 0), (1, 1, 0); 1265 // 192
3, 8, (6, 1, 1, 1, 1, 1, 0, 0), (3, 0, 0); 1265 // 96
3, 8, (5, 2, 1, 1, 1, 1, 0, 0), (0, 0, 1); 341 // 64
3, 8, (5, 2, 1, 1, 1, 1, 0, 0), (1, 1, 0); 26147 // 1344
3, 8, (5, 2, 1, 1, 1, 1, 0, 0), (3, 0, 0); 26147 // 672
3, 8, (4, 3, 1, 1, 1, 1, 0, 0), (0, 0, 1); 1705 // 192
3, 8, (4, 3, 1, 1, 1, 1, 0, 0), (1, 1, 0); 43021 // 1344
3, 8, (4, 3, 1, 1, 1, 1, 0, 0), (3, 0, 0); 43021 // 672
3, 8, (4, 2, 2, 1, 1, 1, 0, 0), (0, 0, 1); 1705 // 128
3, 8, (4, 2, 2, 1, 1, 1, 0, 0), (1, 1, 0); 6127 // 128
3, 8, (4, 2, 2, 1, 1, 1, 0, 0), (3, 0, 0); 6127 // 64
3, 8, (3, 3, 2, 1, 1, 1, 0, 0), (0, 0, 1); 1705 // 96
3, 8, (3, 3, 2, 1, 1, 1, 0, 0), (1, 1, 0); 8107 // 128
3, 8, (3, 3, 2, 1, 1, 1, 0, 0), (3, 0, 0); 8107 // 64
3, 8, (3, 2, 2, 2, 1, 1, 0, 0), (0, 0, 1); 1705 // 64
3, 8, (3, 2, 2, 2, 1, 1, 0, 0), (1, 1, 0); 163273 // 1728
3, 8, (3, 2, 2, 2, 1, 1, 0, 0), (3, 0, 0); 163273 // 864
3, 8, (2, 2, 2, 2, 2, 1, 0, 0), (0, 0, 1); 5115 // 128
3, 8, (2, 2, 2, 2, 2, 1, 0, 0), (1, 1, 0); 54043 // 384
3, 8, (2, 2, 2, 2, 2, 1, 0, 0), (3, 0, 0); 54043 // 192
3, 8, (5, 1, 1, 1, 1, 1, 1, 0), (0, 0, 1); 341 // 32
3, 8, (5, 1, 1, 1, 1, 1, 1, 0), (1, 1, 0); 1265 // 32
3, 8, (5, 1, 1, 1, 1, 1, 1, 0), (3, 0, 0); 1265 // 16
3, 8, (4, 2, 1, 1, 1, 1, 1, 0), (0, 0, 1); 1705 // 64
3, 8, (4, 2, 1, 1, 1, 1, 1, 0), (1, 1, 0); 18557 // 192
3, 8, (4, 2, 1, 1, 1, 1, 1, 0), (3, 0, 0); 18557 // 96
3, 8, (3, 3, 1, 1, 1, 1, 1, 0), (0, 0, 1); 1705 // 48
3, 8, (3, 3, 1, 1, 1, 1, 1, 0), (1, 1, 0); 1529 // 12
3, 8, (3, 3, 1, 1, 1, 1, 1, 0), (3, 0, 0); 1529 // 6
3, 8, (3, 2, 2, 1, 1, 1, 1, 0), (0, 0, 1); 1705 // 32
3, 8, (3, 2, 2, 1, 1, 1, 1, 0), (1, 1, 0); 18205 // 96
3, 8, (3, 2, 2, 1, 1, 1, 1, 0), (3, 0, 0); 18205 // 48
3, 8, (2, 2, 2, 2, 1, 1, 1, 0), (0, 0, 1); 5115 // 64
3, 8, (2, 2, 2, 2, 1, 1, 1, 0), (1, 1, 0); 54043 // 192
3, 8, (2, 2, 2, 2, 1, 1, 1, 0), (3, 0, 0); 54043 // 96
3, 8, (4, 1, 1, 1, 1, 1, 1, 1), (0, 0, 1); 1705 // 32
3, 8, (4, 1, 1, 1, 1, 1, 1, 1), (1, 1, 0); 6325 // 32
3, 8, (4, 1, 1, 1, 1, 1, 1, 1), (3, 0, 0); 6325 // 16
3, 8, (3, 2, 1, 1, 1, 1, 1, 1), (0, 0, 1); 1705 // 16
3, 8, (3, 2, 1, 1, 1, 1, 1, 1), (1, 1, 0); 1529 // 4
3, 8, (3, 2, 1, 1, 1, 1, 1, 1), (3, 0, 0); 1529 // 2
3, 8, (2, 2, 2, 1, 1, 1, 1, 1), (0, 0, 1); 5115 // 32
3, 8, (2, 2, 2, 1, 1, 1, 1, 1), (1, 1, 0); 54043 // 96
3, 8, (2, 2, 2, 1, 1, 1, 1, 1), (3, 0, 0); 54043 // 48
3, 8, (12, 0, 0, 0, 0, 0, 0, 0), (0, 1, 0); 41 // 580608
3, 8, (12, 0, 0, 0, 0, 0, 0, 0), (2, 0, 0); 41 // 290304
3, 8, (11, 1, 0, 0, 0, 0, 0, 0), (0, 1, 0); 451 // 580608
3, 8, (11, 1, 0, 0, 0, 0, 0, 0), (2, 0, 0); 451 // 290304
3, 8, (10, 2, 0, 0, 0, 0, 0, 0), (0, 1, 0); 5777 // 1451520
3, 8, (10, 2, 0, 0, 0, 0, 0, 0), (2, 0, 0); 5777 // 725760
3, 8, (9, 3, 0, 0, 0, 0, 0, 0), (0, 1, 0); 36451 // 2903040
3, 8, (9, 3, 0, 0, 0, 0, 0, 0), (2, 0, 0); 36451 // 1451520
3, 8, (8, 4, 0, 0, 0, 0, 0, 0), (0, 1, 0); 78851 // 2903040
3, 8, (8, 4, 0, 0, 0, 0, 0, 0), (2, 0, 0); 78851 // 1451520
3, 8, (7, 5, 0, 0, 0, 0, 0, 0), (0, 1, 0); 8801 // 207360
3, 8, (7, 5, 0, 0, 0, 0, 0, 0), (2, 0, 0); 8801 // 103680
3, 8, (6, 6, 0, 0, 0, 0, 0, 0), (0, 1, 0); 2377 // 48384
3, 8, (6, 6, 0, 0, 0, 0, 0, 0), (2, 0, 0); 2377 // 24192
3, 8, (10, 1, 1, 0, 0, 0, 0, 0), (0, 1, 0); 2255 // 290304
3, 8, (10, 1, 1, 0, 0, 0, 0, 0), (2, 0, 0); 2255 // 145152
3, 8, (9, 2, 1, 0, 0, 0, 0, 0), (0, 1, 0); 121 // 3360
3, 8, (9, 2, 1, 0, 0, 0, 0, 0), (2, 0, 0); 121 // 1680
3, 8, (8, 3, 1, 0, 0, 0, 0, 0), (0, 1, 0); 296417 // 2903040
3, 8, (8, 3, 1, 0, 0, 0, 0, 0), (2, 0, 0); 296417 // 1451520
3, 8, (7, 4, 1, 0, 0, 0, 0, 0), (0, 1, 0); 8921 // 45360
3, 8, (7, 4, 1, 0, 0, 0, 0, 0), (2, 0, 0); 8921 // 22680
3, 8, (6, 5, 1, 0, 0, 0, 0, 0), (0, 1, 0); 26147 // 96768
3, 8, (6, 5, 1, 0, 0, 0, 0, 0), (2, 0, 0); 26147 // 48384
3, 8, (8, 2, 2, 0, 0, 0, 0, 0), (0, 1, 0); 1037 // 6912
3, 8, (8, 2, 2, 0, 0, 0, 0, 0), (2, 0, 0); 1037 // 3456
3, 8, (7, 3, 2, 0, 0, 0, 0, 0), (0, 1, 0); 7853 // 20736
3, 8, (7, 3, 2, 0, 0, 0, 0, 0), (2, 0, 0); 7853 // 10368
3, 8, (6, 4, 2, 0, 0, 0, 0, 0), (0, 1, 0); 310279 // 483840
3, 8, (6, 4, 2, 0, 0, 0, 0, 0), (2, 0, 0); 310279 // 241920
3, 8, (5, 5, 2, 0, 0, 0, 0, 0), (0, 1, 0); 30689 // 40320
3, 8, (5, 5, 2, 0, 0, 0, 0, 0), (2, 0, 0); 30689 // 20160
3, 8, (6, 3, 3, 0, 0, 0, 0, 0), (0, 1, 0); 101653 // 120960
3, 8, (6, 3, 3, 0, 0, 0, 0, 0), (2, 0, 0); 101653 // 60480
3, 8, (5, 4, 3, 0, 0, 0, 0, 0), (0, 1, 0); 148699 // 120960
3, 8, (5, 4, 3, 0, 0, 0, 0, 0), (2, 0, 0); 148699 // 60480
3, 8, (4, 4, 4, 0, 0, 0, 0, 0), (0, 1, 0); 48871 // 32256
3, 8, (4, 4, 4, 0, 0, 0, 0, 0), (2, 0, 0); 48871 // 16128
3, 8, (9, 1, 1, 1, 0, 0, 0, 0), (0, 1, 0); 2255 // 32256
3, 8, (9, 1, 1, 1, 0, 0, 0, 0), (2, 0, 0); 2255 // 16128
3, 8, (8, 2, 1, 1, 0, 0, 0, 0), (0, 1, 0); 9361 // 32256
3, 8, (8, 2, 1, 1, 0, 0, 0, 0), (2, 0, 0); 9361 // 16128
3, 8, (7, 3, 1, 1, 0, 0, 0, 0), (0, 1, 0); 26521 // 36288
3, 8, (7, 3, 1, 1, 0, 0, 0, 0), (2, 0, 0); 26521 // 18144
3, 8, (6, 4, 1, 1, 0, 0, 0, 0), (0, 1, 0); 1661 // 1344
3, 8, (6, 4, 1, 1, 0, 0, 0, 0), (2, 0, 0); 1661 // 672
3, 8, (5, 5, 1, 1, 0, 0, 0, 0), (0, 1, 0); 70939 // 48384
3, 8, (5, 5, 1, 1, 0, 0, 0, 0), (2, 0, 0); 70939 // 24192
3, 8, (7, 2, 2, 1, 0, 0, 0, 0), (0, 1, 0); 25883 // 24192
3, 8, (7, 2, 2, 1, 0, 0, 0, 0), (2, 0, 0); 25883 // 12096
3, 8, (6, 3, 2, 1, 0, 0, 0, 0), (0, 1, 0); 114433 // 48384
3, 8, (6, 3, 2, 1, 0, 0, 0, 0), (2, 0, 0); 114433 // 24192
3, 8, (5, 4, 2, 1, 0, 0, 0, 0), (0, 1, 0); 1670779 // 483840
3, 8, (5, 4, 2, 1, 0, 0, 0, 0), (2, 0, 0); 1670779 // 241920
3, 8, (5, 3, 3, 1, 0, 0, 0, 0), (0, 1, 0); 91003 // 20160
3, 8, (5, 3, 3, 1, 0, 0, 0, 0), (2, 0, 0); 91003 // 10080
3, 8, (4, 4, 3, 1, 0, 0, 0, 0), (0, 1, 0); 537581 // 96768
3, 8, (4, 4, 3, 1, 0, 0, 0, 0), (2, 0, 0); 537581 // 48384
3, 8, (6, 2, 2, 2, 0, 0, 0, 0), (0, 1, 0); 6189 // 1792
3, 8, (6, 2, 2, 2, 0, 0, 0, 0), (2, 0, 0); 6189 // 896
3, 8, (5, 3, 2, 2, 0, 0, 0, 0), (0, 1, 0); 53077 // 8064
3, 8, (5, 3, 2, 2, 0, 0, 0, 0), (2, 0, 0); 53077 // 4032
3, 8, (4, 4, 2, 2, 0, 0, 0, 0), (0, 1, 0); 97933 // 12096
3, 8, (4, 4, 2, 2, 0, 0, 0, 0), (2, 0, 0); 97933 // 6048
3, 8, (4, 3, 3, 2, 0, 0, 0, 0), (0, 1, 0); 2029 // 192
3, 8, (4, 3, 3, 2, 0, 0, 0, 0), (2, 0, 0); 2029 // 96
3, 8, (3, 3, 3, 3, 0, 0, 0, 0), (0, 1, 0); 2647 // 192
3, 8, (3, 3, 3, 3, 0, 0, 0, 0), (2, 0, 0); 2647 // 96
3, 8, (8, 1, 1, 1, 1, 0, 0, 0), (0, 1, 0); 2255 // 4032
3, 8, (8, 1, 1, 1, 1, 0, 0, 0), (2, 0, 0); 2255 // 2016
3, 8, (7, 2, 1, 1, 1, 0, 0, 0), (0, 1, 0); 66209 // 32256
3, 8, (7, 2, 1, 1, 1, 0, 0, 0), (2, 0, 0); 66209 // 16128
3, 8, (6, 3, 1, 1, 1, 0, 0, 0), (0, 1, 0); 48653 // 10752
3, 8, (6, 3, 1, 1, 1, 0, 0, 0), (2, 0, 0); 48653 // 5376
3, 8, (5, 4, 1, 1, 1, 0, 0, 0), (0, 1, 0); 70939 // 10752
3, 8, (5, 4, 1, 1, 1, 0, 0, 0), (2, 0, 0); 70939 // 5376
3, 8, (6, 2, 2, 1, 1, 0, 0, 0), (0, 1, 0); 319033 // 48384
3, 8, (6, 2, 2, 1, 1, 0, 0, 0), (2, 0, 0); 319033 // 24192
3, 8, (5, 3, 2, 1, 1, 0, 0, 0), (0, 1, 0); 404239 // 32256
3, 8, (5, 3, 2, 1, 1, 0, 0, 0), (2, 0, 0); 404239 // 16128
3, 8, (4, 4, 2, 1, 1, 0, 0, 0), (0, 1, 0); 745195 // 48384
3, 8, (4, 4, 2, 1, 1, 0, 0, 0), (2, 0, 0); 745195 // 24192
3, 8, (4, 3, 3, 1, 1, 0, 0, 0), (0, 1, 0); 46255 // 2304
3, 8, (4, 3, 3, 1, 1, 0, 0, 0), (2, 0, 0); 46255 // 1152
3, 8, (5, 2, 2, 2, 1, 0, 0, 0), (0, 1, 0); 20977 // 1152
3, 8, (5, 2, 2, 2, 1, 0, 0, 0), (2, 0, 0); 20977 // 576
3, 8, (4, 3, 2, 2, 1, 0, 0, 0), (0, 1, 0); 67111 // 2304
3, 8, (4, 3, 2, 2, 1, 0, 0, 0), (2, 0, 0); 67111 // 1152
3, 8, (3, 3, 3, 2, 1, 0, 0, 0), (0, 1, 0); 29117 // 768
3, 8, (3, 3, 3, 2, 1, 0, 0, 0), (2, 0, 0); 29117 // 384
3, 8, (4, 2, 2, 2, 2, 0, 0, 0), (0, 1, 0); 48617 // 1152
3, 8, (4, 2, 2, 2, 2, 0, 0, 0), (2, 0, 0); 48617 // 576
3, 8, (3, 3, 2, 2, 2, 0, 0, 0), (0, 1, 0); 21073 // 384
3, 8, (3, 3, 2, 2, 2, 0, 0, 0), (2, 0, 0); 21073 // 192
3, 8, (7, 1, 1, 1, 1, 1, 0, 0), (0, 1, 0); 2255 // 576
3, 8, (7, 1, 1, 1, 1, 1, 0, 0), (2, 0, 0); 2255 // 288
3, 8, (6, 2, 1, 1, 1, 1, 0, 0), (0, 1, 0); 2101 // 168
3, 8, (6, 2, 1, 1, 1, 1, 0, 0), (2, 0, 0); 2101 // 84
3, 8, (5, 3, 1, 1, 1, 1, 0, 0), (0, 1, 0); 10615 // 448
3, 8, (5, 3, 1, 1, 1, 1, 0, 0), (2, 0, 0); 10615 // 224
3, 8, (4, 4, 1, 1, 1, 1, 0, 0), (0, 1, 0); 19547 // 672
3, 8, (4, 4, 1, 1, 1, 1, 0, 0), (2, 0, 0); 19547 // 336
3, 8, (5, 2, 2, 1, 1, 1, 0, 0), (0, 1, 0); 8789 // 256
3, 8, (5, 2, 2, 1, 1, 1, 0, 0), (2, 0, 0); 8789 // 128
3, 8, (4, 3, 2, 1, 1, 1, 0, 0), (0, 1, 0); 28039 // 512
3, 8, (4, 3, 2, 1, 1, 1, 0, 0), (2, 0, 0); 28039 // 256
3, 8, (3, 3, 3, 1, 1, 1, 0, 0), (0, 1, 0); 2277 // 32
3, 8, (3, 3, 3, 1, 1, 1, 0, 0), (2, 0, 0); 2277 // 16
3, 8, (4, 2, 2, 2, 1, 1, 0, 0), (0, 1, 0); 182237 // 2304
3, 8, (4, 2, 2, 2, 1, 1, 0, 0), (2, 0, 0); 182237 // 1152
3, 8, (3, 3, 2, 2, 1, 1, 0, 0), (0, 1, 0); 118261 // 1152
3, 8, (3, 3, 2, 2, 1, 1, 0, 0), (2, 0, 0); 118261 // 576
3, 8, (3, 2, 2, 2, 2, 1, 0, 0), (0, 1, 0); 56771 // 384
3, 8, (3, 2, 2, 2, 2, 1, 0, 0), (2, 0, 0); 56771 // 192
3, 8, (2, 2, 2, 2, 2, 2, 0, 0), (0, 1, 0); 425 // 2
3, 8, (2, 2, 2, 2, 2, 2, 0, 0), (2, 0, 0); 425 // 1
3, 8, (6, 1, 1, 1, 1, 1, 1, 0), (0, 1, 0); 2255 // 96
3, 8, (6, 1, 1, 1, 1, 1, 1, 0), (2, 0, 0); 2255 // 48
3, 8, (5, 2, 1, 1, 1, 1, 1, 0), (0, 1, 0); 6149 // 96
3, 8, (5, 2, 1, 1, 1, 1, 1, 0), (2, 0, 0); 6149 // 48
3, 8, (4, 3, 1, 1, 1, 1, 1, 0), (0, 1, 0); 19547 // 192
3, 8, (4, 3, 1, 1, 1, 1, 1, 0), (2, 0, 0); 19547 // 96
3, 8, (4, 2, 2, 1, 1, 1, 1, 0), (0, 1, 0); 14069 // 96
3, 8, (4, 2, 2, 1, 1, 1, 1, 0), (2, 0, 0); 14069 // 48
3, 8, (3, 3, 2, 1, 1, 1, 1, 0), (0, 1, 0); 759 // 4
3, 8, (3, 3, 2, 1, 1, 1, 1, 0), (2, 0, 0); 759 // 2
3, 8, (3, 2, 2, 2, 1, 1, 1, 0), (0, 1, 0); 69685 // 256
3, 8, (3, 2, 2, 2, 1, 1, 1, 0), (2, 0, 0); 69685 // 128
3, 8, (2, 2, 2, 2, 2, 1, 1, 0), (0, 1, 0); 4675 // 12
3, 8, (2, 2, 2, 2, 2, 1, 1, 0), (2, 0, 0); 4675 // 6
3, 8, (5, 1, 1, 1, 1, 1, 1, 1), (0, 1, 0); 11275 // 96
3, 8, (5, 1, 1, 1, 1, 1, 1, 1), (2, 0, 0); 11275 // 48
3, 8, (4, 2, 1, 1, 1, 1, 1, 1), (0, 1, 0); 25619 // 96
3, 8, (4, 2, 1, 1, 1, 1, 1, 1), (2, 0, 0); 25619 // 48
3, 8, (3, 3, 1, 1, 1, 1, 1, 1), (0, 1, 0); 16511 // 48
3, 8, (3, 3, 1, 1, 1, 1, 1, 1), (2, 0, 0); 16511 // 24
3, 8, (3, 2, 2, 1, 1, 1, 1, 1), (0, 1, 0); 47245 // 96
3, 8, (3, 2, 2, 1, 1, 1, 1, 1), (2, 0, 0); 47245 // 48
3, 8, (2, 2, 2, 2, 1, 1, 1, 1), (0, 1, 0); 2805 // 4
3, 8, (2, 2, 2, 2, 1, 1, 1, 1), (2, 0, 0); 2805 // 2
3, 8, (13, 0, 0, 0, 0, 0, 0, 0), (1, 0, 0); 7 // 138240
3, 8, (12, 1, 0, 0, 0, 0, 0, 0), (1, 0, 0); 77 // 138240
3, 8, (11, 2, 0, 0, 0, 0, 0, 0), (1, 0, 0); 2851 // 967680
3, 8, (10, 3, 0, 0, 0, 0, 0, 0), (1, 0, 0); 9557 // 967680
3, 8, (9, 4, 0, 0, 0, 0, 0, 0), (1, 0, 0); 22507 // 967680
3, 8, (8, 5, 0, 0, 0, 0, 0, 0), (1, 0, 0); 1861 // 46080
3, 8, (7, 6, 0, 0, 0, 0, 0, 0), (1, 0, 0); 61 // 1152
3, 8, (11, 1, 1, 0, 0, 0, 0, 0), (1, 0, 0); 77 // 13824
3, 8, (10, 2, 1, 0, 0, 0, 0, 0), (1, 0, 0); 8657 // 322560
3, 8, (9, 3, 1, 0, 0, 0, 0, 0), (1, 0, 0); 2827 // 34560
3, 8, (8, 4, 1, 0, 0, 0, 0, 0), (1, 0, 0); 168421 // 967680
3, 8, (7, 5, 1, 0, 0, 0, 0, 0), (1, 0, 0); 26147 // 96768
3, 8, (6, 6, 1, 0, 0, 0, 0, 0), (1, 0, 0); 30217 // 96768
3, 8, (9, 2, 2, 0, 0, 0, 0, 0), (1, 0, 0); 56873 // 483840
3, 8, (8, 3, 2, 0, 0, 0, 0, 0), (1, 0, 0); 78301 // 241920
3, 8, (7, 4, 2, 0, 0, 0, 0, 0), (1, 0, 0); 595901 // 967680
3, 8, (6, 5, 2, 0, 0, 0, 0, 0), (1, 0, 0); 815527 // 967680
3, 8, (7, 3, 3, 0, 0, 0, 0, 0), (1, 0, 0); 385607 // 483840
3, 8, (6, 4, 3, 0, 0, 0, 0, 0), (1, 0, 0); 431197 // 322560
3, 8, (5, 5, 3, 0, 0, 0, 0, 0), (1, 0, 0); 54713 // 34560
3, 8, (5, 4, 4, 0, 0, 0, 0, 0), (1, 0, 0); 7451 // 3840
3, 8, (10, 1, 1, 1, 0, 0, 0, 0), (1, 0, 0); 77 // 1536
3, 8, (9, 2, 1, 1, 0, 0, 0, 0), (1, 0, 0); 55 // 252
3, 8, (8, 3, 1, 1, 0, 0, 0, 0), (1, 0, 0); 14509 // 24192
3, 8, (7, 4, 1, 1, 0, 0, 0, 0), (1, 0, 0); 12265 // 10752
3, 8, (6, 5, 1, 1, 0, 0, 0, 0), (1, 0, 0); 151085 // 96768
3, 8, (8, 2, 2, 1, 0, 0, 0, 0), (1, 0, 0); 414403 // 483840
3, 8, (7, 3, 2, 1, 0, 0, 0, 0), (1, 0, 0); 1018039 // 483840
3, 8, (6, 4, 2, 1, 0, 0, 0, 0), (1, 0, 0); 3414983 // 967680
3, 8, (5, 5, 2, 1, 0, 0, 0, 0), (1, 0, 0); 144463 // 34560
3, 8, (6, 3, 3, 1, 0, 0, 0, 0), (1, 0, 0); 2205599 // 483840
3, 8, (5, 4, 3, 1, 0, 0, 0, 0), (1, 0, 0); 847 // 128
3, 8, (4, 4, 4, 1, 0, 0, 0, 0), (1, 0, 0); 31141 // 3840
3, 8, (7, 2, 2, 2, 0, 0, 0, 0), (1, 0, 0); 1450621 // 483840
3, 8, (6, 3, 2, 2, 0, 0, 0, 0), (1, 0, 0); 3142051 // 483840
3, 8, (5, 4, 2, 2, 0, 0, 0, 0), (1, 0, 0); 162929 // 17280
3, 8, (5, 3, 3, 2, 0, 0, 0, 0), (1, 0, 0); 841709 // 69120
3, 8, (4, 4, 3, 2, 0, 0, 0, 0), (1, 0, 0); 57323 // 3840
3, 8, (4, 3, 3, 3, 0, 0, 0, 0), (1, 0, 0); 148109 // 7680
3, 8, (9, 1, 1, 1, 1, 0, 0, 0), (1, 0, 0); 77 // 192
3, 8, (8, 2, 1, 1, 1, 0, 0, 0), (1, 0, 0); 2101 // 1344
3, 8, (7, 3, 1, 1, 1, 0, 0, 0), (1, 0, 0); 10307 // 2688
3, 8, (6, 4, 1, 1, 1, 0, 0, 0), (1, 0, 0); 69157 // 10752
3, 8, (5, 5, 1, 1, 1, 0, 0, 0), (1, 0, 0); 1463 // 192
3, 8, (7, 2, 2, 1, 1, 0, 0, 0), (1, 0, 0); 263131 // 48384
3, 8, (6, 3, 2, 1, 1, 0, 0, 0), (1, 0, 0); 94897 // 8064
3, 8, (5, 4, 2, 1, 1, 0, 0, 0), (1, 0, 0); 118129 // 6912
3, 8, (5, 3, 3, 1, 1, 0, 0, 0), (1, 0, 0); 152405 // 6912
3, 8, (4, 4, 3, 1, 1, 0, 0, 0), (1, 0, 0); 31141 // 1152
3, 8, (6, 2, 2, 2, 1, 0, 0, 0), (1, 0, 0); 1151843 // 69120
3, 8, (5, 3, 2, 2, 1, 0, 0, 0), (1, 0, 0); 35981 // 1152
3, 8, (4, 4, 2, 2, 1, 0, 0, 0), (1, 0, 0); 661859 // 17280
3, 8, (4, 3, 3, 2, 1, 0, 0, 0), (1, 0, 0); 3417029 // 69120
3, 8, (3, 3, 3, 3, 1, 0, 0, 0), (1, 0, 0); 183821 // 2880
3, 8, (5, 2, 2, 2, 2, 0, 0, 0), (1, 0, 0); 95447 // 2160
3, 8, (4, 3, 2, 2, 2, 0, 0, 0), (1, 0, 0); 806077 // 11520
3, 8, (3, 3, 3, 2, 2, 0, 0, 0), (1, 0, 0); 1040909 // 11520
3, 8, (8, 1, 1, 1, 1, 1, 0, 0), (1, 0, 0); 539 // 192
3, 8, (7, 2, 1, 1, 1, 1, 0, 0), (1, 0, 0); 4345 // 448
3, 8, (6, 3, 1, 1, 1, 1, 0, 0), (1, 0, 0); 28193 // 1344
3, 8, (5, 4, 1, 1, 1, 1, 0, 0), (1, 0, 0); 1463 // 48
3, 8, (6, 2, 2, 1, 1, 1, 0, 0), (1, 0, 0); 22693 // 768
3, 8, (5, 3, 2, 1, 1, 1, 0, 0), (1, 0, 0); 14179 // 256
3, 8, (4, 4, 2, 1, 1, 1, 0, 0), (1, 0, 0); 6523 // 96
3, 8, (4, 3, 3, 1, 1, 1, 0, 0), (1, 0, 0); 67331 // 768
3, 8, (5, 2, 2, 2, 1, 1, 0, 0), (1, 0, 0); 134783 // 1728
3, 8, (4, 3, 2, 2, 1, 1, 0, 0), (1, 0, 0); 427031 // 3456
3, 8, (3, 3, 3, 2, 1, 1, 0, 0), (1, 0, 0); 183821 // 1152
3, 8, (4, 2, 2, 2, 2, 1, 0, 0), (1, 0, 0); 6963 // 40
3, 8, (3, 3, 2, 2, 2, 1, 0, 0), (1, 0, 0); 863731 // 3840
3, 8, (3, 2, 2, 2, 2, 2, 0, 0), (1, 0, 0); 3805 // 12
3, 8, (7, 1, 1, 1, 1, 1, 1, 0), (1, 0, 0); 539 // 32
3, 8, (6, 2, 1, 1, 1, 1, 1, 0), (1, 0, 0); 3267 // 64
3, 8, (5, 3, 1, 1, 1, 1, 1, 0), (1, 0, 0); 2299 // 24
3, 8, (4, 4, 1, 1, 1, 1, 1, 0), (1, 0, 0); 1881 // 16
3, 8, (5, 2, 2, 1, 1, 1, 1, 0), (1, 0, 0); 3223 // 24
3, 8, (4, 3, 2, 1, 1, 1, 1, 0), (1, 0, 0); 20449 // 96
3, 8, (3, 3, 3, 1, 1, 1, 1, 0), (1, 0, 0); 8811 // 32
3, 8, (4, 2, 2, 2, 1, 1, 1, 0), (1, 0, 0); 57431 // 192
3, 8, (3, 3, 2, 2, 1, 1, 1, 0), (1, 0, 0); 148577 // 384
3, 8, (3, 2, 2, 2, 2, 1, 1, 0), (1, 0, 0); 26125 // 48
3, 8, (2, 2, 2, 2, 2, 2, 1, 0), (1, 0, 0); 12265 // 16
3, 8, (6, 1, 1, 1, 1, 1, 1, 1), (1, 0, 0); 2695 // 32
3, 8, (5, 2, 1, 1, 1, 1, 1, 1), (1, 0, 0); 3553 // 16
3, 8, (4, 3, 1, 1, 1, 1, 1, 1), (1, 0, 0); 5643 // 16
3, 8, (4, 2, 2, 1, 1, 1, 1, 1), (1, 0, 0); 5951 // 12
3, 8, (3, 3, 2, 1, 1, 1, 1, 1), (1, 0, 0); 20559 // 32
3, 8, (3, 2, 2, 2, 1, 1, 1, 1), (1, 0, 0); 21725 // 24
3, 8, (2, 2, 2, 2, 2, 1, 1, 1), (1, 0, 0); 61325 // 48
3, 8, (14, 0, 0, 0, 0, 0, 0, 0), (0, 0, 0); 1 // 82944
3, 8, (13, 1, 0, 0, 0, 0, 0, 0), (0, 0, 0); 11 // 82944
3, 8, (12, 2, 0, 0, 0, 0, 0, 0), (0, 0, 0); 151 // 207360
3, 8, (11, 3, 0, 0, 0, 0, 0, 0), (0, 0, 0); 1513 // 580608
3, 8, (10, 4, 0, 0, 0, 0, 0, 0), (0, 0, 0); 121 // 18144
3, 8, (9, 5, 0, 0, 0, 0, 0, 0), (0, 0, 0); 1057 // 82944
3, 8, (8, 6, 0, 0, 0, 0, 0, 0), (0, 0, 0); 515 // 27648
3, 8, (7, 7, 0, 0, 0, 0, 0, 0), (0, 0, 0); 1459 // 69120
3, 8, (12, 1, 1, 0, 0, 0, 0, 0), (0, 0, 0); 55 // 41472
3, 8, (11, 2, 1, 0, 0, 0, 0, 0), (0, 0, 0); 77 // 11520
3, 8, (10, 3, 1, 0, 0, 0, 0, 0), (0, 0, 0); 63811 // 2903040
3, 8, (9, 4, 1, 0, 0, 0, 0, 0), (0, 0, 0); 21307 // 414720
3, 8, (8, 5, 1, 0, 0, 0, 0, 0), (0, 0, 0); 341 // 3840
3, 8, (7, 6, 1, 0, 0, 0, 0, 0), (0, 0, 0); 16049 // 138240
3, 8, (10, 2, 2, 0, 0, 0, 0, 0), (0, 0, 0); 713 // 23040
3, 8, (9, 3, 2, 0, 0, 0, 0, 0), (0, 0, 0); 67463 // 725760
3, 8, (8, 4, 2, 0, 0, 0, 0, 0), (0, 0, 0); 31699 // 161280
3, 8, (7, 5, 2, 0, 0, 0, 0, 0), (0, 0, 0); 12251 // 40320
3, 8, (6, 6, 2, 0, 0, 0, 0, 0), (0, 0, 0); 84799 // 241920
3, 8, (8, 3, 3, 0, 0, 0, 0, 0), (0, 0, 0); 24443 // 96768
3, 8, (7, 4, 3, 0, 0, 0, 0, 0), (0, 0, 0); 66037 // 138240
3, 8, (6, 5, 3, 0, 0, 0, 0, 0), (0, 0, 0); 630587 // 967680
3, 8, (6, 4, 4, 0, 0, 0, 0, 0), (0, 0, 0); 385709 // 483840
3, 8, (5, 5, 4, 0, 0, 0, 0, 0), (0, 0, 0); 15203 // 16128
3, 8, (11, 1, 1, 1, 0, 0, 0, 0), (0, 0, 0); 55 // 4608
3, 8, (10, 2, 1, 1, 0, 0, 0, 0), (0, 0, 0); 253 // 4608
3, 8, (9, 3, 1, 1, 0, 0, 0, 0), (0, 0, 0); 187 // 1134
3, 8, (8, 4, 1, 1, 0, 0, 0, 0), (0, 0, 0); 3751 // 10752
3, 8, (7, 5, 1, 1, 0, 0, 0, 0), (0, 0, 0); 5797 // 10752
3, 8, (6, 6, 1, 1, 0, 0, 0, 0), (0, 0, 0); 30085 // 48384
3, 8, (9, 2, 2, 1, 0, 0, 0, 0), (0, 0, 0); 1771 // 7680
3, 8, (8, 3, 2, 1, 0, 0, 0, 0), (0, 0, 0); 101123 // 161280
3, 8, (7, 4, 2, 1, 0, 0, 0, 0), (0, 0, 0); 63767 // 53760
3, 8, (6, 5, 2, 1, 0, 0, 0, 0), (0, 0, 0); 65197 // 40320
3, 8, (7, 3, 3, 1, 0, 0, 0, 0), (0, 0, 0); 737627 // 483840
3, 8, (6, 4, 3, 1, 0, 0, 0, 0), (0, 0, 0); 2461789 // 967680
3, 8, (5, 5, 3, 1, 0, 0, 0, 0), (0, 0, 0); 48499 // 16128
3, 8, (5, 4, 4, 1, 0, 0, 0, 0), (0, 0, 0); 2827 // 768
3, 8, (8, 2, 2, 2, 0, 0, 0, 0), (0, 0, 0); 561 // 640
3, 8, (7, 3, 2, 2, 0, 0, 0, 0), (0, 0, 0); 114659 // 53760
3, 8, (6, 4, 2, 2, 0, 0, 0, 0), (0, 0, 0); 573841 // 161280
3, 8, (5, 5, 2, 2, 0, 0, 0, 0), (0, 0, 0); 28253 // 6720
3, 8, (6, 3, 3, 2, 0, 0, 0, 0), (0, 0, 0); 158159 // 34560
3, 8, (5, 4, 3, 2, 0, 0, 0, 0), (0, 0, 0); 38117 // 5760
3, 8, (4, 4, 4, 2, 0, 0, 0, 0), (0, 0, 0); 31097 // 3840
3, 8, (5, 3, 3, 3, 0, 0, 0, 0), (0, 0, 0); 588161 // 69120
3, 8, (4, 4, 3, 3, 0, 0, 0, 0), (0, 0, 0); 359759 // 34560
3, 8, (10, 1, 1, 1, 1, 0, 0, 0), (0, 0, 0); 55 // 576
3, 8, (9, 2, 1, 1, 1, 0, 0, 0), (0, 0, 0); 1837 // 4608
3, 8, (8, 3, 1, 1, 1, 0, 0, 0), (0, 0, 0); 11671 // 10752
3, 8, (7, 4, 1, 1, 1, 0, 0, 0), (0, 0, 0); 2761 // 1344
3, 8, (6, 5, 1, 1, 1, 0, 0, 0), (0, 0, 0); 30085 // 10752
3, 8, (8, 2, 2, 1, 1, 0, 0, 0), (0, 0, 0); 869 // 576
3, 8, (7, 3, 2, 1, 1, 0, 0, 0), (0, 0, 0); 39523 // 10752
3, 8, (6, 4, 2, 1, 1, 0, 0, 0), (0, 0, 0); 65923 // 10752
3, 8, (5, 5, 2, 1, 1, 0, 0, 0), (0, 0, 0); 14597 // 2016
3, 8, (6, 3, 3, 1, 1, 0, 0, 0), (0, 0, 0); 1705 // 216
3, 8, (5, 4, 3, 1, 1, 0, 0, 0), (0, 0, 0); 8767 // 768
3, 8, (4, 4, 4, 1, 1, 0, 0, 0), (0, 0, 0); 671 // 48
3, 8, (7, 2, 2, 2, 1, 0, 0, 0), (0, 0, 0); 9823 // 1920
3, 8, (6, 3, 2, 2, 1, 0, 0, 0), (0, 0, 0); 16885 // 1536
3, 8, (5, 4, 2, 2, 1, 0, 0, 0), (0, 0, 0); 91487 // 5760
3, 8, (5, 3, 3, 2, 1, 0, 0, 0), (0, 0, 0); 58927 // 2880
3, 8, (4, 4, 3, 2, 1, 0, 0, 0), (0, 0, 0); 32043 // 1280
3, 8, (4, 3, 3, 3, 1, 0, 0, 0), (0, 0, 0); 2227027 // 69120
3, 8, (6, 2, 2, 2, 2, 0, 0, 0), (0, 0, 0); 22063 // 1440
3, 8, (5, 3, 2, 2, 2, 0, 0, 0), (0, 0, 0); 164251 // 5760
3, 8, (4, 4, 2, 2, 2, 0, 0, 0), (0, 0, 0); 33473 // 960
3, 8, (4, 3, 3, 2, 2, 0, 0, 0), (0, 0, 0); 517411 // 11520
3, 8, (3, 3, 3, 3, 2, 0, 0, 0), (0, 0, 0); 49957 // 864
3, 8, (9, 1, 1, 1, 1, 1, 0, 0), (0, 0, 0); 385 // 576
3, 8, (8, 2, 1, 1, 1, 1, 0, 0), (0, 0, 0); 121 // 48
3, 8, (7, 3, 1, 1, 1, 1, 0, 0), (0, 0, 0); 2761 // 448
3, 8, (6, 4, 1, 1, 1, 1, 0, 0), (0, 0, 0); 13805 // 1344
3, 8, (5, 5, 1, 1, 1, 1, 0, 0), (0, 0, 0); 2035 // 168
3, 8, (7, 2, 2, 1, 1, 1, 0, 0), (0, 0, 0); 1639 // 192
3, 8, (6, 3, 2, 1, 1, 1, 0, 0), (0, 0, 0); 28237 // 1536
3, 8, (5, 4, 2, 1, 1, 1, 0, 0), (0, 0, 0); 5093 // 192
3, 8, (5, 3, 3, 1, 1, 1, 0, 0), (0, 0, 0); 26323 // 768
3, 8, (4, 4, 3, 1, 1, 1, 0, 0), (0, 0, 0); 671 // 16
3, 8, (6, 2, 2, 2, 1, 1, 0, 0), (0, 0, 0); 2453 // 96
3, 8, (5, 3, 2, 2, 1, 1, 0, 0), (0, 0, 0); 3047 // 64
3, 8, (4, 4, 2, 2, 1, 1, 0, 0), (0, 0, 0); 16753 // 288
3, 8, (4, 3, 3, 2, 1, 1, 0, 0), (0, 0, 0); 173063 // 2304
3, 8, (3, 3, 3, 3, 1, 1, 0, 0), (0, 0, 0); 167365 // 1728
3, 8, (5, 2, 2, 2, 2, 1, 0, 0), (0, 0, 0); 95513 // 1440
3, 8, (4, 3, 2, 2, 2, 1, 0, 0), (0, 0, 0); 66891 // 640
3, 8, (3, 3, 3, 2, 2, 1, 0, 0), (0, 0, 0); 34507 // 256
3, 8, (4, 2, 2, 2, 2, 2, 0, 0), (0, 0, 0); 4665 // 32
3, 8, (3, 3, 2, 2, 2, 2, 0, 0), (0, 0, 0); 27055 // 144
3, 8, (8, 1, 1, 1, 1, 1, 1, 0), (0, 0, 0); 385 // 96
3, 8, (7, 2, 1, 1, 1, 1, 1, 0), (0, 0, 0); 1309 // 96
3, 8, (6, 3, 1, 1, 1, 1, 1, 0), (0, 0, 0); 5665 // 192
3, 8, (5, 4, 1, 1, 1, 1, 1, 0), (0, 0, 0); 2035 // 48
3, 8, (6, 2, 2, 1, 1, 1, 1, 0), (0, 0, 0); 1969 // 48
3, 8, (5, 3, 2, 1, 1, 1, 1, 0), (0, 0, 0); 1837 // 24
3, 8, (4, 4, 2, 1, 1, 1, 1, 0), (0, 0, 0); 4477 // 48
3, 8, (4, 3, 3, 1, 1, 1, 1, 0), (0, 0, 0); 11627 // 96
3, 8, (5, 2, 2, 2, 1, 1, 1, 0), (0, 0, 0); 3421 // 32
3, 8, (4, 3, 2, 2, 1, 1, 1, 0), (0, 0, 0); 32351 // 192
3, 8, (3, 3, 3, 2, 1, 1, 1, 0), (0, 0, 0); 167365 // 768
3, 8, (4, 2, 2, 2, 2, 1, 1, 0), (0, 0, 0); 33935 // 144
3, 8, (3, 3, 2, 2, 2, 1, 1, 0), (0, 0, 0); 10945 // 36
3, 8, (3, 2, 2, 2, 2, 2, 1, 0), (0, 0, 0); 122485 // 288
3, 8, (2, 2, 2, 2, 2, 2, 2, 0), (0, 0, 0); 42875 // 72
3, 8, (7, 1, 1, 1, 1, 1, 1, 1), (0, 0, 0); 1925 // 96
3, 8, (6, 2, 1, 1, 1, 1, 1, 1), (0, 0, 0); 5929 // 96
3, 8, (5, 3, 1, 1, 1, 1, 1, 1), (0, 0, 0); 5533 // 48
3, 8, (4, 4, 1, 1, 1, 1, 1, 1), (0, 0, 0); 6677 // 48
3, 8, (5, 2, 2, 1, 1, 1, 1, 1), (0, 0, 0); 1309 // 8
3, 8, (4, 3, 2, 1, 1, 1, 1, 1), (0, 0, 0); 12331 // 48
3, 8, (3, 3, 3, 1, 1, 1, 1, 1), (0, 0, 0); 32065 // 96
3, 8, (4, 2, 2, 2, 1, 1, 1, 1), (0, 0, 0); 2915 // 8
3, 8, (3, 3, 2, 2, 1, 1, 1, 1), (0, 0, 0); 11275 // 24
3, 8, (3, 2, 2, 2, 2, 1, 1, 1), (0, 0, 0); 10615 // 16
3, 8, (2, 2, 2, 2, 2, 2, 1, 1), (0, 0, 0); 67375 // 72
